data/germany/gwl-mean_1000_25832_etrs89-utm32.asc
ncols        283
nrows        287
xllcorner    640492.098854022799
yllcorner    5679606.173605500720
cellsize     1000.000000000000
NODATA_value  -9999
[rows 96 to 119 of 287, columns 54 to 107 of 283]
1.8165038824081420898 1.7241489887237548828 1.7456911802291870117 2.1439449787139892578 4.2631430625915527344 4.2460842132568359375 3.6563642024993896484 2.6886847019195556641 2.6752111911773681641 1.8997467756271362305 1.9865583181381225586 3.855587005615234375 5.0069370269775390625 5.5685930252075195312 2.6656110286712646484 2.8498589992523193359 4.5026421546936035156 5.2664771080017089844 6.1008782386779785156 9.7241506576538085938 12.138484954833984375 10.358396530151367188 12.356397628784179688 8.7829294204711914062 3.3868482112884521484 4.4776959419250488281 7.0872540473937988281 13.452216148376464844 13.94409942626953125 9.8030424118041992188 2.8367280960083007812 6.851047515869140625 3.4797697067260742188 2.1160218715667724609 2.8867130279541015625 2.8740770816802978516 1.8765672445297241211 3.1012508869171142578 3.1080560684204101562 1.8051059246063232422 2.8496787548065185547 3.5474886894226074219 4.631153106689453125 4.7735471725463867188 2.5871057510375976562 3.6792132854461669922 8.3672285079956054688 7.37226104736328125 4.7920522689819335938 6.8989262580871582031 3.0266373157501220703 3.7428019046783447266 3.3094706535339355469 2.7894046306610107422
1.4935059547424316406 1.5870243310928344727 1.6197835206985473633 2.1138162612915039062 2.7741677761077880859 3.4168808460235595703 3.2252063751220703125 2.7866528034210205078 2.5829410552978515625 3.1919527053833007812 3.8436200618743896484 2.6661701202392578125 3.0360500812530517578 4.2999782562255859375 3.9327831268310546875 4.9003114700317382812 5.8688602447509765625 8.4814062118530273438 12.917423248291015625 13.074155807495117188 10.27437591552734375 3.5456655025482177734 5.9616098403930664062 3.3919727802276611328 5.7164564132690429688 6.8010954856872558594 9.9800596237182617188 11.208227157592773438 5.6159901618957519531 3.5521960258483886719 3.2477464675903320312 11.336962699890136719 11.624884605407714844 4.1861944198608398438 2.4442594051361083984 1.7605735063552856445 1.669681549072265625 1.737888336181640625 1.8809380531311035156 2.0362131595611572266 2.5240466594696044922 2.8495688438415527344 3.3971788883209228516 3.3639962673187255859 2.9713063240051269531 2.1138582229614257812 2.7654983997344970703 6.847980499267578125 2.9600884914398193359 2.8816754817962646484 2.7587950229644775391 2.8779385089874267578 6.0359163284301757812 5.22580718994140625
1.8361263275146484375 1.7001231908798217773 1.6434313058853149414 1.7633355855941772461 2.3891904354095458984 3.4555637836456298828 2.4980554580688476562 2.3006529808044433594 2.8680906295776367188 3.0779862403869628906 4.7728681564331054688 2.2564690113067626953 2.803539276123046875 3.9159615039825439453 5.4332089424133300781 6.8677163124084472656 12.829019546508789062 10.67687225341796875 12.788662910461425781 9.257793426513671875 4.097347259521484375 3.2928550243377685547 3.0719950199127197266 5.4701862335205078125 9.7218494415283203125 12.317743301391601562 12.300698280334472656 10.921916007995605469 9.5416164398193359375 8.140117645263671875 4.8353548049926757812 6.22034454345703125 4.7485117912292480469 3.7914683818817138672 1.8587985038757324219 1.7921861410140991211 2.1306314468383789062 1.9901179075241088867 1.5374497175216674805 1.5930637121200561523 4.9746479988098144531 3.9950084686279296875 3.8991909027099609375 3.7339234352111816406 3.3034837245941162109 2.8129856586456298828 5.1390500068664550781 2.2470426559448242188 2.0004904270172119141 2.3242819309234619141 5.6332068443298339844 1.8681060075759887695 2.0379357337951660156 1.7924965620040893555
1.6456454992294311523 1.7986705303192138672 1.4732214212417602539 1.7772382497787475586 1.959965825080871582 3.3309197425842285156 4.2183809280395507812 3.4384694099426269531 3.7592895030975341797 5.3014097213745117188 2.2189555168151855469 2.3860800266265869141 3.5938310623168945312 5.1970624923706054688 13.343066215515136719 14.187275886535644531 12.468990325927734375 7.0771069526672363281 4.6613850593566894531 4.5243520736694335938 2.905914306640625 3.3931131362915039062 7.5665717124938964844 8.6452789306640625 10.722842216491699219 10.355765342712402344 8.9435911178588867188 10.802535057067871094 9.5217275619506835938 9.0235395431518554688 9.684295654296875 9.6511383056640625 4.8552637100219726562 2.6483981609344482422 1.7548267841339111328 1.6383173465728759766 2.1409776210784912109 2.1574330329895019531 1.6311500072479248047 1.6458516120910644531 4.7548403739929199219 3.3835101127624511719 3.1947412490844726562 2.8511185646057128906 3.0642342567443847656 3.4668843746185302734 6.2132086753845214844 6.0848345756530761719 1.9580225944519042969 6.6403284072875976562 5.8921408653259277344 4.7281713485717773438 8.2860994338989257812 5.2054567337036132812
2.4914414882659912109 1.8225114345550537109 1.6654218435287475586 1.729105830192565918 1.9376109838485717773 1.8360131978988647461 2.2136142253875732422 2.4533886909484863281 3.5110912322998046875 2.4338216781616210938 2.5010817050933837891 2.7698616981506347656 4.7495889663696289062 5.4336018562316894531 7.1428599357604980469 6.4017019271850585938 4.8021745681762695312 3.8412342071533203125 2.6455030441284179688 2.7528483867645263672 2.4458091259002685547 2.9684314727783203125 8.9723100662231445312 7.8281154632568359375 8.3878231048583984375 6.9215173721313476562 11.599023818969726562 10.5194244384765625 10.693226814270019531 12.039644241333007812 11.941721916198730469 9.6384801864624023438 5.237918853759765625 2.6323971748352050781 1.9562230110168457031 1.6730326414108276367 2.1695508956909179688 1.6640888452529907227 1.6218903064727783203 1.6786085367202758789 3.6364552974700927734 4.0343027114868164062 4.3027157783508300781 2.2240550518035888672 2.9781308174133300781 4.9261264801025390625 5.2633304595947265625 6.4954257011413574219 2.8419461250305175781 1.9924834966659545898 5.1894698143005371094 8.169147491455078125 4.2554798126220703125 4.9578995704650878906
2.6479649543762207031 -9999 2.2067458629608154297 1.7082042694091796875 1.7412009239196777344 1.8695871829986572266 1.8591063022613525391 2.22000885009765625 3.4828593730926513672 2.3816735744476318359 3.3017981052398681641 4.2749719619750976562 13.553255081176757812 8.4196882247924804688 8.21849822998046875 5.9862279891967773438 4.16741180419921875 5.5165066719055175781 6.6466126441955566406 3.6403672695159912109 3.2612137794494628906 2.7339580059051513672 3.6979451179504394531 4.3698091506958007812 6.5334048271179199219 11.443699836730957031 10.438161849975585938 5.9924468994140625 7.9597072601318359375 8.52555084228515625 9.0879039764404296875 7.6147732734680175781 6.6514720916748046875 2.7241232395172119141 2.0739252567291259766 2.3983390331268310547 2.6230118274688720703 1.6357028484344482422 1.8323891162872314453 1.5673760175704956055 2.3829493522644042969 2.3376555442810058594 2.0144064426422119141 2.2063224315643310547 2.2560894489288330078 2.2411487102508544922 2.4507710933685302734 2.6712586879730224609 1.950955510139465332 2.7109227180480957031 1.9720997810363769531 3.1612224578857421875 3.8718936443328857422 5.5359506607055664062
2.1298229694366455078 1.8815577030181884766 2.1880040168762207031 2.1050767898559570312 1.8947697877883911133 -9999 2.3210988044738769531 2.9256601333618164062 2.4197139739990234375 2.4747204780578613281 3.7661240100860595703 9.0204067230224609375 -9999 -9999 9.2827501296997070312 6.800220489501953125 -9999 4.8663849830627441406 8.1168975830078125 6.6338019371032714844 4.1761937141418457031 4.9219646453857421875 4.2179465293884277344 8.7475490570068359375 10.970510482788085938 6.1803479194641113281 5.1935796737670898438 3.5455160140991210938 3.5794103145599365234 2.4747512340545654297 2.4072649478912353516 2.3726651668548583984 3.1085011959075927734 2.3394565582275390625 1.9189419746398925781 2.7738621234893798828 1.6513423919677734375 1.5623313188552856445 1.6187645196914672852 3.9620039463043212891 1.6961563825607299805 2.0173151493072509766 2.7009649276733398438 2.0273339748382568359 3.3861293792724609375 4.9858183860778808594 3.0011162757873535156 3.0877287387847900391 1.9450178146362304688 2.3824570178985595703 1.8492959737777709961 1.8615785837173461914 2.2361135482788085938 2.8188598155975341797
-9999 -9999 -9999 -9999 2.3138587474822998047 2.2763321399688720703 2.1822710037231445312 2.1968348026275634766 -9999 -9999 -9999 -9999 -9999 -9999 -9999 -9999 -9999 6.0590386390686035156 7.6708807945251464844 9.757114410400390625 10.870162010192871094 -9999 7.9067897796630859375 10.561254501342773438 5.5432367324829101562 3.5525772571563720703 2.4840683937072753906 2.2127676010131835938 2.2463979721069335938 2.2002854347229003906 1.6244138479232788086 1.6176810264587402344 1.5980130434036254883 1.5004606246948242188 1.9184257984161376953 1.6859189271926879883 1.6810282468795776367 1.3945357799530029297 4.0256352424621582031 4.2791013717651367188 3.6737225055694580078 2.6832802295684814453 1.9737651348114013672 4.15911865234375 3.6613438129425048828 3.6087360382080078125 4.1687402725219726562 4.73883819580078125 1.887923121452331543 1.8584212064743041992 2.6364941596984863281 2.7698767185211181641 2.7182109355926513672 3.3977015018463134766
-9999 -9999 -9999 -9999 -9999 -9999 -9999 -9999 -9999 -9999 -9999 -9999 -9999 -9999 -9999 -9999 -9999 11.693430900573730469 9.0978879928588867188 -9999 -9999 -9999 10.968652725219726562 3.3306884765625 2.9402010440826416016 1.9360709190368652344 1.7643934488296508789 1.8561133146286010742 2.34708404541015625 2.2253487110137939453 2.2110102176666259766 2.0268931388854980469 2.7540869712829589844 1.8239092826843261719 1.8251618146896362305 1.625609278678894043 1.6503084897994995117 3.2889463901519775391 5.9195966720581054688 4.0446639060974121094 2.8946487903594970703 4.3531494140625 5.859405517578125 2.3989658355712890625 2.1874589920043945312 2.1251399517059326172 2.1904339790344238281 2.0566480159759521484 2.2499675750732421875 2.8478865623474121094 5.7769198417663574219 6.6120152473449707031 7.5385522842407226562 9.0693788528442382812
-9999 -9999 -9999 -9999 -9999 -9999 -9999 -9999 -9999 -9999 -9999 -9999 -9999 -9999 -9999 -9999 -9999 -9999 -9999 -9999 -9999 -9999 -9999 -9999 2.0394060611724853516 1.6576730012893676758 1.6633248329162597656 1.7840168476104736328 2.0957400798797607422 2.0435502529144287109 2.3952202796936035156 3.2559177875518798828 2.6016952991485595703 1.8013129234313964844 1.8287858963012695312 1.71707916259765625 1.5591869354248046875 3.8367183208465576172 9.3300714492797851562 6.6948451995849609375 3.3169333934783935547 2.73830413818359375 3.0356614589691162109 4.4812874794006347656 4.4123740196228027344 4.3169183731079101562 5.4193224906921386719 5.6717348098754882812 14.693898200988769531 6.6612896919250488281 5.00000762939453125 9.828521728515625 9.5216732025146484375 6.4815897941589355469
-9999 -9999 -9999 -9999 -9999 -9999 -9999 -9999 -9999 -9999 -9999 -9999 -9999 -9999 -9999 -9999 -9999 -9999 -9999 -9999 -9999 -9999 -9999 2.1173748970031738281 -9999 1.5901422500610351562 1.8651770353317260742 1.8066276311874389648 2.0000441074371337891 1.8815562725067138672 1.8416469097137451172 1.903339385986328125 1.9271852970123291016 2.0897426605224609375 1.9233108758926391602 1.6866005659103393555 1.5754809379577636719 2.0983877182006835938 4.1332669258117675781 6.2997498512268066406 8.81000518798828125 4.4443540573120117188 3.2492449283599853516 3.9187152385711669922 3.8164384365081787109 3.1712627410888671875 3.9719834327697753906 6.4816308021545410156 6.8258385658264160156 8.9061832427978515625 3.9920337200164794922 4.3934817314147949219 4.9955506324768066406 4.6625237464904785156
-9999 -9999 -9999 -9999 -9999 -9999 -9999 -9999 -9999 -9999 -9999 -9999 -9999 -9999 -9999 -9999 -9999 -9999 -9999 -9999 -9999 -9999 -9999 -9999 2.0226774215698242188 1.8053026199340820312 2.0989224910736083984 2.0920970439910888672 1.9222397804260253906 1.9370201826095581055 -9999 1.6110079288482666016 1.6465983390808105469 2.1252727508544921875 2.2840662002563476562 -9999 1.5616602897644042969 1.6517449617385864258 2.1304094791412353516 3.0521869659423828125 3.9987161159515380859 5.7035927772521972656 9.9238128662109375 4.5122914314270019531 6.4765181541442871094 4.7047433853149414062 4.5220122337341308594 6.8039402961730957031 8.975032806396484375 6.6840877532958984375 3.2660310268402099609 1.7311260700225830078 1.7717641592025756836 1.784026026725769043
-9999 -9999 -9999 -9999 -9999 -9999 -9999 -9999 -9999 -9999 -9999 -9999 -9999 -9999 -9999 -9999 -9999 -9999 -9999 -9999 -9999 -9999 -9999 -9999 1.6684936285018920898 1.7978074550628662109 1.8702864646911621094 2.1563699245452880859 2.0549495220184326172 1.6919945478439331055 1.5848432779312133789 1.6391689777374267578 1.7007373571395874023 2.1940352916717529297 2.3010385036468505859 1.5750818252563476562 1.4912674427032470703 1.6573147773742675781 2.04405975341796875 2.5097527503967285156 3.1747684478759765625 3.2358565330505371094 -9999 9.9964494705200195312 10.388357162475585938 10.166258811950683594 2.8922495841979980469 2.7100772857666015625 2.9710323810577392578 2.3775389194488525391 1.8729066848754882812 1.6849865913391113281 1.857735753059387207 1.8197609186172485352
-9999 -9999 -9999 -9999 -9999 -9999 -9999 -9999 -9999 -9999 -9999 -9999 -9999 -9999 -9999 -9999 -9999 -9999 -9999 -9999 -9999 -9999 -9999 -9999 1.54627227783203125 1.9291175603866577148 2.0114612579345703125 2.1380650997161865234 2.3776562213897705078 2.1195881366729736328 1.6435415744781494141 1.7319426536560058594 1.7651340961456298828 2.2683153152465820312 1.6370171308517456055 1.5846705436706542969 1.6882147789001464844 1.8598750829696655273 1.9695659875869750977 1.9536926746368408203 1.9355485439300537109 2.1463868618011474609 -9999 4.275753021240234375 5.8552908897399902344 3.5360770225524902344 2.5537183284759521484 1.8787842988967895508 1.655461430549621582 1.6629804372787475586 1.7711365222930908203 1.9421993494033813477 2.1175677776336669922 1.7400164604187011719
-9999 -9999 -9999 -9999 -9999 -9999 -9999 -9999 -9999 -9999 -9999 -9999 -9999 -9999 -9999 -9999 -9999 -9999 -9999 -9999 -9999 -9999 -9999 -9999 2.1687307357788085938 2.255558013916015625 2.3095705509185791016 2.6816208362579345703 2.4029099941253662109 2.0539402961730957031 1.5738346576690673828 1.6554009914398193359 2.1666016578674316406 2.4195754528045654297 1.6363283395767211914 1.5715066194534301758 1.8101609945297241211 1.9625494480133056641 2.2665526866912841797 2.3178036212921142578 2.3834147453308105469 2.1937656402587890625 2.5523600578308105469 2.3803019523620605469 2.6301479339599609375 2.3697347640991210938 1.8496329784393310547 1.6949225664138793945 1.6716473102569580078 -9999 2.0746631622314453125 2.0637459754943847656 1.8170317411422729492 1.702269434928894043
-9999 -9999 -9999 -9999 -9999 -9999 -9999 -9999 -9999 -9999 -9999 -9999 -9999 -9999 -9999 -9999 -9999 -9999 -9999 -9999 -9999 -9999 -9999 -9999 -9999 1.8995116949081420898 1.745914459228515625 1.8151911497116088867 1.6814393997192382812 1.593377232551574707 1.6640199422836303711 1.8067228794097900391 2.4400546550750732422 2.1766877174377441406 1.8668110370635986328 2.1152904033660888672 1.9294760227203369141 2.5242919921875 2.4750657081604003906 2.5031416416168212891 2.9445636272430419922 2.5628800392150878906 2.2447042465209960938 2.5840663909912109375 3.6331081390380859375 3.5959887504577636719 2.4866476058959960938 2.5103728771209716797 1.6959981918334960938 1.9114596843719482422 3.0206227302551269531 2.8371856212615966797 2.0984053611755371094 2.3430185317993164062
-9999 -9999 -9999 -9999 -9999 -9999 -9999 -9999 -9999 -9999 -9999 -9999 -9999 -9999 -9999 -9999 -9999 -9999 -9999 -9999 -9999 -9999 -9999 -9999 -9999 1.6412130594253540039 1.7547096014022827148 1.9137952327728271484 1.7205107212066650391 2.0891935825347900391 2.1299252510070800781 2.4909119606018066406 2.536449432373046875 1.7364515066146850586 1.7378151416778564453 2.3255832195281982422 1.7197530269622802734 2.0131013393402099609 2.0064268112182617188 1.9890782833099365234 2.125751495361328125 2.1985678672790527344 2.4128103256225585938 3.8899915218353271484 2.4773492813110351562 2.4340250492095947266 2.6031820774078369141 2.5482866764068603516 1.8746950626373291016 2.5589933395385742188 2.9484791755676269531 3.1755864620208740234 2.1938862800598144531 2.2346594333648681641
-9999 -9999 -9999 -9999 -9999 -9999 -9999 -9999 -9999 -9999 -9999 -9999 -9999 -9999 -9999 -9999 -9999 -9999 -9999 -9999 -9999 -9999 -9999 -9999 -9999 2.0235934257507324219 1.7833577394485473633 1.8031500577926635742 1.8574373722076416016 1.7264755964279174805 1.6374052762985229492 1.72933197021484375 1.9371567964553833008 1.6887608766555786133 1.7807885408401489258 2.2953023910522460938 1.6482368707656860352 1.7142608165740966797 1.7181241512298583984 2.129608154296875 1.8963849544525146484 1.9371705055236816406 2.3637659549713134766 2.2971096038818359375 2.1054809093475341797 1.9241596460342407227 1.8144568204879760742 1.8022031784057617188 2.7419722080230712891 3.7512390613555908203 3.7521560192108154297 2.9565343856811523438 2.2004783153533935547 2.1207916736602783203
-9999 -9999 -9999 -9999 -9999 -9999 -9999 -9999 -9999 -9999 -9999 -9999 -9999 -9999 -9999 -9999 -9999 -9999 -9999 -9999 -9999 -9999 -9999 2.26605224609375 -9999 1.9279705286026000977 1.8303072452545166016 1.8159188032150268555 1.8467634916305541992 1.9646760225296020508 1.6795547008514404297 1.7753469944000244141 1.8620982170104980469 1.7894885540008544922 2.1360056400299072266 2.0670354366302490234 1.8793914318084716797 2.4530761241912841797 1.7438077926635742188 1.8728708028793334961 2.0225429534912109375 1.9624607563018798828 2.0201764106750488281 2.0169708728790283203 1.9445296525955200195 1.8520865440368652344 1.8414293527603149414 1.8545846939086914062 1.9797382354736328125 2.7168605327606201172 2.6896517276763916016 3.9454584121704101562 2.7651677131652832031 2.9193706512451171875
-9999 -9999 -9999 -9999 -9999 -9999 -9999 -9999 -9999 -9999 -9999 -9999 -9999 -9999 -9999 -9999 -9999 -9999 -9999 -9999 -9999 -9999 -9999 2.5174784660339355469 2.4290649890899658203 2.1049883365631103516 1.7880765199661254883 1.7880138158798217773 1.6979086399078369141 1.6604155302047729492 2.104076385498046875 2.3862249851226806641 2.3514935970306396484 2.6177563667297363281 5.337589263916015625 3.3704698085784912109 2.0344514846801757812 1.9879810810089111328 1.9356772899627685547 1.7858593463897705078 1.8617777824401855469 1.9070425033569335938 2.6200685501098632812 1.9677357673645019531 1.9631745815277099609 2.0189943313598632812 2.8010239601135253906 3.4784724712371826172 2.5100014209747314453 1.7366795539855957031 2.4616060256958007812 2.70450592041015625 2.8686313629150390625 3.132640838623046875
-9999 -9999 -9999 -9999 -9999 -9999 -9999 -9999 -9999 -9999 -9999 -9999 -9999 -9999 -9999 -9999 -9999 -9999 -9999 -9999 -9999 -9999 2.3425509929656982422 3.4517893791198730469 2.6028447151184082031 1.6778497695922851562 1.7244354486465454102 2.0925264358520507812 1.7257210016250610352 2.7602276802062988281 6.6035676002502441406 8.68161773681640625 7.2219796180725097656 5.4493527412414550781 10.417685508728027344 5.8641643524169921875 3.6229898929595947266 1.9074081182479858398 2.7182366847991943359 2.9205203056335449219 3.0026488304138183594 2.7690680027008056641 1.8692635297775268555 1.8062630891799926758 2.0036191940307617188 2.1811120510101318359 3.4620368480682373047 3.4991660118103027344 2.6450364589691162109 2.5237379074096679688 2.7038772106170654297 2.520442962646484375 2.6615462303161621094 2.9069602489471435547
-9999 -9999 -9999 -9999 -9999 -9999 -9999 -9999 -9999 -9999 -9999 -9999 -9999 -9999 -9999 -9999 -9999 -9999 -9999 -9999 -9999 -9999 -9999 2.3179330825805664062 3.5222272872924804688 1.8877493143081665039 1.6710075139999389648 2.2312724590301513672 1.8209463357925415039 3.5217897891998291016 12.899465560913085938 18.735321044921875 10.329945564270019531 9.202312469482421875 17.568944931030273438 13.140943527221679688 6.5085930824279785156 2.0960640907287597656 5.1336293220520019531 4.4226055145263671875 6.9554805755615234375 5.4838433265686035156 2.5844287872314453125 3.2121987342834472656 3.7942252159118652344 4.5183725357055664062 4.4837117195129394531 4.9535417556762695312 4.7837967872619628906 2.7571752071380615234 2.7696335315704345703 3.0394098758697509766 3.0493590831756591797 3.211528778076171875
-9999 -9999 -9999 -9999 -9999 -9999 -9999 -9999 -9999 -9999 -9999 -9999 -9999 -9999 -9999 -9999 -9999 -9999 -9999 -9999 -9999 -9999 -9999 -9999 2.0194308757781982422 1.9905359745025634766 1.7670480012893676758 1.7951422929763793945 1.8286875486373901367 2.3675050735473632812 3.2291247844696044922 10.047209739685058594 10.137437820434570312 4.7494173049926757812 10.818831443786621094 11.118882179260253906 12.644268989562988281 2.3017468452453613281 3.1409265995025634766 7.2589764595031738281 11.268862724304199219 13.273016929626464844 5.3948602676391601562 6.2545247077941894531 5.1829519271850585938 5.3306403160095214844 11.738918304443359375 12.447951316833496094 10.000058174133300781 6.3203973770141601562 3.1183986663818359375 2.9570364952087402344 2.1754033565521240234 2.296718597412109375
-9999 -9999 -9999 -9999 -9999 -9999 -9999 -9999 -9999 -9999 -9999 -9999 -9999 -9999 -9999 -9999 -9999 -9999 -9999 -9999 -9999 -9999 -9999 -9999 2.7989077568054199219 2.4896497726440429688 2.1986932754516601562 4.5986218452453613281 4.1148476600646972656 2.2613024711608886719 2.7870571613311767578 3.0300211906433105469 3.1819448471069335938 4.6586060523986816406 9.186786651611328125 10.178653717041015625 6.7819266319274902344 5.1765103340148925781 2.3783776760101318359 2.1693615913391113281 5.047504425048828125 11.922755241394042969 12.489660263061523438 16.661403656005859375 17.342615127563476562 14.550148963928222656 13.272281646728515625 10.617084503173828125 22.679204940795898438 13.208197593688964844 5.6182098388671875 3.2831962108612060547 1.6586775779724121094 1.5629655122756958008
