data/germany/gwl-mean_1000_25832_etrs89-utm32.asc
ncols        283
nrows        287
xllcorner    640492.098854022799
yllcorner    5679606.173605500720
cellsize     1000.000000000000
NODATA_value  -9999
[rows 48 to 71 of 287, columns 54 to 107 of 283]
-9999 -9999 -9999 -9999 -9999 -9999 -9999 -9999 -9999 -9999 -9999 -9999 -9999 -9999 -9999 -9999 -9999 -9999 -9999 -9999 -9999 -9999 -9999 -9999 -9999 -9999 -9999 -9999 -9999 -9999 -9999 -9999 -9999 -9999 -9999 -9999 -9999 -9999 -9999 -9999 -9999 -9999 -9999 -9999 -9999 -9999 -9999 -9999 -9999 -9999 -9999 -9999 -9999 -9999
-9999 -9999 -9999 -9999 -9999 -9999 -9999 -9999 -9999 -9999 -9999 -9999 -9999 -9999 -9999 -9999 -9999 -9999 -9999 -9999 -9999 -9999 -9999 -9999 -9999 -9999 -9999 -9999 -9999 -9999 -9999 -9999 -9999 -9999 -9999 -9999 -9999 -9999 -9999 -9999 -9999 -9999 -9999 -9999 -9999 -9999 -9999 -9999 -9999 -9999 -9999 -9999 -9999 -9999
-9999 -9999 -9999 -9999 -9999 -9999 -9999 -9999 -9999 -9999 8.5379610061645507812 -9999 -9999 -9999 -9999 -9999 -9999 -9999 -9999 6.6645102500915527344 6.6461191177368164062 -9999 -9999 -9999 -9999 -9999 -9999 -9999 -9999 -9999 -9999 -9999 -9999 -9999 -9999 -9999 -9999 -9999 -9999 -9999 -9999 -9999 -9999 -9999 -9999 -9999 -9999 -9999 -9999 -9999 -9999 -9999 -9999 -9999
-9999 -9999 -9999 -9999 -9999 -9999 -9999 -9999 -9999 -9999 9.2783746719360351562 -9999 -9999 -9999 6.3666315078735351562 5.2741398811340332031 3.8474793434143066406 -9999 -9999 4.3868618011474609375 6.3675618171691894531 4.6629281044006347656 -9999 -9999 -9999 -9999 -9999 -9999 -9999 -9999 -9999 -9999 -9999 -9999 -9999 -9999 -9999 -9999 -9999 -9999 -9999 -9999 -9999 -9999 -9999 -9999 -9999 -9999 -9999 -9999 -9999 -9999 -9999 -9999
-9999 -9999 -9999 -9999 -9999 -9999 -9999 -9999 -9999 -9999 6.1885585784912109375 6.5723576545715332031 -9999 5.4877076148986816406 3.428905487060546875 3.4406352043151855469 2.9246885776519775391 2.7599406242370605469 3.6304776668548583984 3.9174642562866210938 4.1421599388122558594 3.6573896408081054688 -9999 -9999 -9999 -9999 -9999 -9999 -9999 -9999 -9999 -9999 -9999 -9999 -9999 -9999 -9999 -9999 -9999 -9999 -9999 -9999 -9999 -9999 -9999 -9999 -9999 -9999 -9999 -9999 -9999 -9999 -9999 -9999
-9999 -9999 -9999 -9999 -9999 -9999 -9999 -9999 4.5331573486328125 4.746021270751953125 4.9382467269897460938 6.4215564727783203125 6.6124486923217773438 3.0680832862854003906 2.5839357376098632812 2.5164039134979248047 2.854206085205078125 2.9187619686126708984 2.5892941951751708984 2.7499365806579589844 2.8145899772644042969 3.5012044906616210938 3.5566546916961669922 -9999 -9999 -9999 -9999 -9999 -9999 -9999 -9999 -9999 -9999 -9999 -9999 -9999 -9999 -9999 -9999 -9999 -9999 -9999 -9999 -9999 -9999 -9999 -9999 -9999 -9999 -9999 -9999 -9999 -9999 -9999
-9999 -9999 -9999 -9999 -9999 -9999 -9999 -9999 4.1739530563354492188 4.558807373046875 4.9116382598876953125 4.9260387420654296875 5.5398001670837402344 2.7600235939025878906 4.7359523773193359375 6.20111846923828125 3.8420908451080322266 10.422933578491210938 6.6077046394348144531 6.8423852920532226562 8.55939483642578125 4.7682161331176757812 3.1050603389739990234 7.3763713836669921875 -9999 16.442350387573242188 11.076321601867675781 -9999 -9999 -9999 -9999 -9999 -9999 -9999 -9999 -9999 -9999 -9999 -9999 -9999 -9999 -9999 -9999 -9999 -9999 -9999 -9999 -9999 -9999 -9999 -9999 -9999 -9999 -9999
-9999 -9999 -9999 -9999 -9999 -9999 -9999 -9999 6.9937992095947265625 4.8265514373779296875 4.5813374519348144531 4.531703948974609375 3.9151680469512939453 3.2236745357513427734 3.8359215259552001953 3.7310261726379394531 3.8267302513122558594 4.2407064437866210938 5.3150305747985839844 8.5290079116821289062 15.436018943786621094 12.295843124389648438 4.3562183380126953125 7.3163671493530273438 13.903257369995117188 15.15076446533203125 13.665851593017578125 10.03389739990234375 6.7979130744934082031 -9999 -9999 -9999 -9999 -9999 -9999 -9999 -9999 -9999 -9999 -9999 -9999 -9999 -9999 -9999 -9999 -9999 -9999 -9999 -9999 -9999 -9999 -9999 -9999 -9999
-9999 -9999 -9999 -9999 -9999 -9999 -9999 13.210183143615722656 -9999 6.1894240379333496094 3.2485682964324951172 3.5668072700500488281 3.4899754524230957031 3.1362934112548828125 2.6810994148254394531 3.7211008071899414062 4.0301070213317871094 3.9194920063018798828 5.8848767280578613281 8.8227815628051757812 15.32465362548828125 14.354278564453125 6.8448543548583984375 6.2411637306213378906 9.3421306610107421875 8.2509164810180664062 15.4143218994140625 14.681509971618652344 13.743885040283203125 5.4384212493896484375 3.5503342151641845703 1.8741719722747802734 4.6575732231140136719 -9999 -9999 -9999 -9999 -9999 -9999 -9999 -9999 -9999 -9999 -9999 -9999 -9999 -9999 -9999 -9999 -9999 -9999 -9999 -9999 -9999
-9999 -9999 -9999 -9999 -9999 -9999 -9999 14.072170257568359375 7.4288892745971679688 6.3809528350830078125 -9999 2.9579224586486816406 2.5648028850555419922 4.0673508644104003906 4.5130143165588378906 6.0258579254150390625 8.2114877700805664062 7.711132049560546875 8.048168182373046875 11.90489959716796875 14.939401626586914062 14.656770706176757812 6.8177895545959472656 8.2635259628295898438 11.861888885498046875 14.944540023803710938 12.209727287292480469 14.438665390014648438 6.2707619667053222656 5.7903690338134765625 5.4465122222900390625 5.3497719764709472656 2.6457884311676025391 -9999 -9999 -9999 -9999 -9999 -9999 -9999 -9999 -9999 -9999 -9999 -9999 -9999 -9999 -9999 -9999 -9999 -9999 -9999 -9999 -9999
-9999 -9999 -9999 -9999 14.752974510192871094 13.728717803955078125 14.350816726684570312 13.388643264770507812 6.727428436279296875 2.9417006969451904297 2.7733085155487060547 2.6924200057983398438 -9999 6.1460895538330078125 8.6071081161499023438 -9999 13.5394287109375 10.789843559265136719 9.1881084442138671875 14.404063224792480469 15.188650131225585938 13.465704917907714844 7.7438807487487792969 10.222170829772949219 16.987131118774414062 22.885515213012695312 15.887082099914550781 8.2051258087158203125 10.789954185485839844 12.404508590698242188 8.317890167236328125 6.1440682411193847656 5.54898834228515625 -9999 2.4229695796966552734 -9999 -9999 -9999 -9999 -9999 -9999 -9999 -9999 -9999 -9999 -9999 -9999 -9999 -9999 -9999 -9999 -9999 -9999 -9999
-9999 -9999 -9999 15.604842185974121094 10.682379722595214844 14.034814834594726562 9.2399473190307617188 7.2248287200927734375 3.9768195152282714844 3.8167889118194580078 6.3595552444458007812 7.2477703094482421875 4.1300706863403320312 7.4990277290344238281 11.062039375305175781 15.295523643493652344 15.125796318054199219 -9999 14.854697227478027344 14.619389533996582031 14.516550064086914062 11.581643104553222656 9.5890760421752929688 12.043275833129882812 16.008111953735351562 22.855602264404296875 20.763349533081054688 14.351323127746582031 14.744146347045898438 14.226179122924804688 9.3710737228393554688 9.441864013671875 7.8887128829956054688 3.5619153976440429688 3.3582882881164550781 -9999 -9999 -9999 -9999 -9999 12.562190055847167969 7.21279144287109375 -9999 -9999 -9999 -9999 -9999 -9999 -9999 -9999 -9999 -9999 -9999 -9999
-9999 -9999 -9999 15.510858535766601562 10.583623886108398438 8.228664398193359375 6.9334406852722167969 5.272563934326171875 3.6943981647491455078 10.232179641723632812 13.479852676391601562 12.228544235229492188 5.5626621246337890625 8.3296451568603515625 12.061282157897949219 14.477726936340332031 15.146460533142089844 13.479456901550292969 13.182326316833496094 10.309090614318847656 -9999 8.8408899307250976562 11.585717201232910156 13.1874847412109375 34.150386810302734375 40.281219482421875 31.6619110107421875 10.707810401916503906 14.651381492614746094 12.621915817260742188 9.8734130859375 12.16357421875 3.9783089160919189453 3.9282500743865966797 5.6235303878784179688 -9999 -9999 -9999 7.19818115234375 13.551991462707519531 11.652348518371582031 9.3542385101318359375 3.3471620082855224609 -9999 -9999 -9999 -9999 -9999 -9999 -9999 -9999 -9999 -9999 -9999
9.1196832656860351562 8.2057695388793945312 9.6895885467529296875 9.8167772293090820312 7.6498813629150390625 6.4835195541381835938 4.3458027839660644531 2.544647216796875 3.3395318984985351562 5.9245324134826660156 9.906757354736328125 11.055086135864257812 5.1356706619262695312 7.5869073867797851562 12.418986320495605469 14.943852424621582031 11.578286170959472656 9.7025861740112304688 6.5796828269958496094 6.8323979377746582031 10.909882545471191406 -9999 12.771732330322265625 15.487863540649414062 34.923419952392578125 34.360595703125 17.966566085815429688 11.867600440979003906 7.5203633308410644531 7.070453643798828125 6.7769575119018554688 3.9279887676239013672 8.0010013580322265625 6.9841022491455078125 9.7207975387573242188 6.19773101806640625 3.3893632888793945312 3.1811068058013916016 5.1511068344116210938 5.9328026771545410156 5.7951989173889160156 5.8143286705017089844 3.8760333061218261719 9.7771015167236328125 10.305665969848632812 12.195879936218261719 -9999 -9999 21.73345947265625 15.759568214416503906 -9999 -9999 -9999 -9999
5.8687348365783691406 4.8021907806396484375 4.9563503265380859375 4.7702107429504394531 4.2068934440612792969 3.7674448490142822266 8.2673854827880859375 2.8103809356689453125 4.7494592666625976562 4.4586200714111328125 7.8970580101013183594 11.817183494567871094 5.3020877838134765625 6.5752630233764648438 11.01406097412109375 11.38498687744140625 5.6326689720153808594 5.8898777961730957031 6.8300433158874511719 8.7643833160400390625 10.851857185363769531 12.174990653991699219 -9999 13.612226486206054688 16.483160018920898438 14.547328948974609375 17.851749420166015625 9.5581216812133789062 6.4116926193237304688 4.0944771766662597656 4.7077622413635253906 6.573360443115234375 14.600484848022460938 13.713315010070800781 12.48590850830078125 12.143288612365722656 5.0666375160217285156 2.6942145824432373047 3.7544705867767333984 4.3666796684265136719 4.80933380126953125 4.0438776016235351562 4.130306243896484375 9.4327802658081054688 12.88770294189453125 9.68442535400390625 13.415774345397949219 15.086376190185546875 15.482257843017578125 14.616784095764160156 5.4374971389770507812 -9999 -9999 -9999
8.563724517822265625 4.2419338226318359375 4.2072243690490722656 3.8490307331085205078 3.6699278354644775391 2.9021632671356201172 2.5746350288391113281 3.2173202037811279297 9.6891231536865234375 10.287045478820800781 8.0945253372192382812 7.8889575004577636719 5.3894124031066894531 5.83063507080078125 6.0907793045043945312 5.6539554595947265625 8.3001222610473632812 11.147062301635742188 16.113862991333007812 13.277710914611816406 15.571269035339355469 15.284430503845214844 13.883139610290527344 14.653350830078125 14.586240768432617188 -9999 10.9601593017578125 9.2946681976318359375 6.0224180221557617188 5.9046015739440917969 4.9548654556274414062 15.849857330322265625 15.106014251708984375 12.875753402709960938 13.133713722229003906 7.8794569969177246094 5.1336336135864257812 3.2604887485504150391 3.1996455192565917969 4.2690219879150390625 5.214488983154296875 5.00920867919921875 8.1244745254516601562 9.96489715576171875 10.292623519897460938 3.3589050769805908203 3.9038944244384765625 4.0398964881896972656 4.2800011634826660156 6.3375840187072753906 7.0371928215026855469 -9999 -9999 -9999
7.0244460105895996094 3.8825120925903320312 3.5641653537750244141 3.2375402450561523438 3.4666962623596191406 2.4369745254516601562 2.2177331447601318359 3.1442992687225341797 9.7519702911376953125 8.2469768524169921875 4.9969096183776855469 4.4982814788818359375 4.4579858779907226562 5.7044057846069335938 5.9216790199279785156 7.9266772270202636719 14.473959922790527344 16.560235977172851562 12.511219024658203125 13.406022071838378906 13.999319076538085938 14.117208480834960938 13.779672622680664062 11.155551910400390625 13.708049774169921875 9.8666553497314453125 11.766009330749511719 -9999 11.426665306091308594 4.131290435791015625 12.07147979736328125 15.101177215576171875 14.489253997802734375 14.025969505310058594 6.3571481704711914062 7.4910402297973632812 10.598360061645507812 9.65222930908203125 3.1374166011810302734 4.1084933280944824219 5.1330127716064453125 2.7568328380584716797 3.0338566303253173828 4.2393970489501953125 3.5698244571685791016 10.796444892883300781 6.4705834388732910156 5.5777540206909179688 9.3660297393798828125 4.2597599029541015625 8.96111297607421875 16.006793975830078125 15.5851593017578125 10.086118698120117188
7.2209191322326660156 3.2584130764007568359 3.3835968971252441406 5.5147609710693359375 3.4126434326171875 2.4683210849761962891 2.2847385406494140625 3.0024073123931884766 4.5319509506225585938 4.0650129318237304688 4.2851710319519042969 3.1355185508728027344 4.7944350242614746094 5.6853876113891601562 7.7010011672973632812 14.131084442138671875 15.007533073425292969 13.293272972106933594 10.503533363342285156 9.3439493179321289062 9.880496978759765625 12.006914138793945312 9.5211277008056640625 9.4053211212158203125 9.5697145462036132812 16.010824203491210938 12.2545623779296875 14.736658096313476562 11.590296745300292969 5.159832000732421875 -9999 8.5698060989379882812 10.889789581298828125 11.022685050964355469 5.0317425727844238281 4.7405219078063964844 13.675815582275390625 12.02683258056640625 5.2570466995239257812 2.8295791149139404297 3.1789495944976806641 8.08536529541015625 8.7536935806274414062 3.3664815425872802734 6.0994415283203125 12.605185508728027344 12.232042312622070312 11.887392044067382812 6.00281524658203125 3.6679780483245849609 14.132816314697265625 14.573602676391601562 15.424208641052246094 6.4465389251708984375
6.0841064453125 6.8829326629638671875 4.4040374755859375 3.9115030765533447266 3.1345303058624267578 2.4005069732666015625 1.8405849933624267578 2.7346329689025878906 6.7401113510131835938 5.7850656509399414062 5.8306479454040527344 3.1616175174713134766 5.3590183258056640625 6.8886861801147460938 7.5560851097106933594 13.438714027404785156 14.397485733032226562 9.0469379425048828125 8.495525360107421875 6.0886449813842773438 6.7742590904235839844 7.8782973289489746094 7.2897777557373046875 4.2938456535339355469 8.1585397720336914062 8.4881048202514648438 7.1751508712768554688 12.552654266357421875 8.1979646682739257812 5.4303522109985351562 9.4308004379272460938 5.1171641349792480469 4.714710235595703125 -9999 3.8073601722717285156 5.3287792205810546875 -9999 13.643633842468261719 12.061043739318847656 2.594516754150390625 8.3239088058471679688 9.08469390869140625 4.088481903076171875 5.1822857856750488281 6.7127447128295898438 6.8563418388366699219 11.033618927001953125 12.433115959167480469 4.3648209571838378906 3.6946988105773925781 6.2172636985778808594 13.137919425964355469 6.0358242988586425781 8.2371931076049804688
5.8274235725402832031 7.1295742988586425781 11.107152938842773438 10.296212196350097656 4.9286341667175292969 3.1619522571563720703 3.0286796092987060547 2.1491727828979492188 7.1575331687927246094 7.3914880752563476562 3.6995997428894042969 3.7400348186492919922 5.3953528404235839844 7.1164059638977050781 13.376923561096191406 14.448307991027832031 6.0400743484497070312 8.8661937713623046875 13.368574142456054688 6.1880588531494140625 3.1978178024291992188 6.8279781341552734375 3.4754836559295654297 3.5273773670196533203 6.9822516441345214844 7.3675584793090820312 9.3948316574096679688 11.071985244750976562 6.9353156089782714844 5.6059103012084960938 9.8632707595825195312 11.779714584350585938 3.7377305030822753906 3.653594970703125 3.1991682052612304688 3.7383065223693847656 4.0589189529418945312 3.8065524101257324219 3.0105299949645996094 -9999 5.7850146293640136719 3.9885616302490234375 6.1888818740844726562 5.9436841011047363281 5.9406900405883789062 5.6995196342468261719 6.3258142471313476562 8.7927789688110351562 3.1162891387939453125 5.0616316795349121094 5.8600583076477050781 10.658237457275390625 8.192012786865234375 8.2828044891357421875
6.6337084770202636719 10.282050132751464844 11.203077316284179688 12.242473602294921875 10.261365890502929688 5.8812737464904785156 3.6679050922393798828 7.8821721076965332031 2.6981225013732910156 7.0887689590454101562 5.7888369560241699219 3.6005575656890869141 5.30959320068359375 6.0152621269226074219 8.4379529953002929688 5.2057743072509765625 5.65290069580078125 12.756511688232421875 13.382960319519042969 6.9430537223815917969 2.4215917587280273438 3.3143045902252197266 3.0536541938781738281 10.893151283264160156 9.895832061767578125 11.385907173156738281 15.675891876220703125 12.9520111083984375 7.2228708267211914062 7.0942831039428710938 5.7184581756591796875 4.1056876182556152344 4.354434967041015625 3.4231615066528320312 4.5330419540405273438 3.0601654052734375 2.6173357963562011719 2.9170091152191162109 2.8153996467590332031 3.0360264778137207031 3.7349843978881835938 5.6102890968322753906 -9999 5.7409472465515136719 5.4643096923828125 5.6077108383178710938 5.7549090385437011719 8.3616418838500976562 4.8689026832580566406 9.0471515655517578125 10.636928558349609375 9.5346164703369140625 11.201168060302734375 5.7310304641723632812
6.7800440788269042969 10.151611328125 6.549549102783203125 4.601642608642578125 7.1925330162048339844 11.634729385375976562 11.7795257568359375 4.0575003623962402344 2.9430737495422363281 4.3839478492736816406 4.1638154983520507812 2.6375133991241455078 3.7251923084259033203 14.141879081726074219 7.146968841552734375 5.8663363456726074219 8.96227264404296875 12.977833747863769531 6.3901624679565429688 3.2768564224243164062 2.1882684230804443359 2.3335337638854980469 6.0839962959289550781 9.5149774551391601562 9.7721118927001953125 10.390854835510253906 15.284874916076660156 14.354085922241210938 8.198871612548828125 10.195443153381347656 17.930971145629882812 11.732163429260253906 8.0608339309692382812 7.4354610443115234375 6.9219579696655273438 6.4414052963256835938 3.7155356407165527344 2.7206690311431884766 2.9785501956939697266 3.1304566860198974609 3.1021242141723632812 5.0228934288024902344 -9999 4.7847433090209960938 4.6644010543823242188 5.9670081138610839844 7.9020867347717285156 11.104859352111816406 6.6812076568603515625 7.04851531982421875 6.0600991249084472656 3.9398028850555419922 4.2058262825012207031 5.18697357177734375
5.9397301673889160156 10.325182914733886719 8.1361570358276367188 3.8578655719757080078 2.7500286102294921875 10.145558357238769531 9.2735834121704101562 5.7265400886535644531 2.3718225955963134766 9.62932586669921875 3.9451601505279541016 2.6371738910675048828 4.1524157524108886719 5.1274180412292480469 9.8846683502197265625 4.4642467498779296875 12.815972328186035156 6.7513952255249023438 3.7828123569488525391 2.4965403079986572266 4.2496366500854492188 3.3478987216949462891 3.5545647144317626953 9.4548254013061523438 5.9087047576904296875 8.4230976104736328125 14.627943038940429688 14.96123504638671875 8.2385892868041992188 13.818165779113769531 12.321622848510742188 12.703658103942871094 13.101909637451171875 13.084302902221679688 12.414950370788574219 7.1542568206787109375 5.510272979736328125 4.1566338539123535156 2.8837726116180419922 2.5356938838958740234 2.8591129779815673828 4.3537073135375976562 4.8547091484069824219 4.692089080810546875 6.8855557441711425781 7.7715220451354980469 -9999 8.943058013916015625 6.1901702880859375 6.9115552902221679688 4.6672692298889160156 6.5521645545959472656 8.8284215927124023438 9.2744665145874023438
9.9626636505126953125 9.7408132553100585938 9.4175806045532226562 4.57781219482421875 4.1959614753723144531 11.492100715637207031 9.8390989303588867188 5.2934656143188476562 2.7929668426513671875 3.1262500286102294922 3.1585905551910400391 3.0186901092529296875 3.7728393077850341797 5.09249114990234375 5.2362599372863769531 10.131450653076171875 4.0009212493896484375 4.0874562263488769531 3.9116694927215576172 5.2450246810913085938 3.4348092079162597656 2.3179090023040771484 5.2781252861022949219 5.6618819236755371094 7.8508381843566894531 10.668020248413085938 14.886041641235351562 15.262174606323242188 7.8677740097045898438 11.025084495544433594 9.8577203750610351562 10.934682846069335938 13.810338020324707031 13.170605659484863281 13.257403373718261719 10.56806182861328125 5.1136460304260253906 9.680591583251953125 5.6714806556701660156 2.3325467109680175781 2.7442219257354736328 3.9101138114929199219 6.9835300445556640625 7.2991509437561035156 5.39605712890625 4.5969157218933105469 4.8619909286499023438 4.7682347297668457031 4.2694139480590820312 -9999 3.5418095588684082031 5.6217198371887207031 12.152735710144042969 9.836879730224609375
