data/germany/gwl-max_1000_25832_etrs89-utm32.asc
ncols        283
nrows        287
xllcorner    640492.098854022799
yllcorner    5679606.173605500720
cellsize     1000.000000000000
NODATA_value  -9999
[rows 168 to 191 of 287, columns 216 to 269 of 283]
17.036222457885742188 16.974454879760742188 7.1681652069091796875 5.0326204299926757812 4.1125192642211914062 7.0554490089416503906 11.938795089721679688 8.2136058807373046875 6.8446807861328125 9.3924665451049804688 19.11872100830078125 20.522220611572265625 8.0064182281494140625 4.9749150276184082031 8.703350067138671875 24.7658233642578125 25.10453033447265625 25.197298049926757812 11.37420654296875 9.46831512451171875 27.441881179809570312 21.561796188354492188 14.322347640991210938 7.7606453895568847656 7.6501498222351074219 5.3036823272705078125 11.996174812316894531 12.443272590637207031 5.41362762451171875 2.5247011184692382812 3.0277798175811767578 2.1290652751922607422 -9999 -9999 -9999 -9999 -9999 -9999 -9999 -9999 -9999 -9999 -9999 -9999 -9999 -9999 -9999 -9999 -9999 -9999 -9999 -9999 -9999 -9999
8.10787200927734375 10.393310546875 8.397251129150390625 5.3680005073547363281 4.6384510993957519531 16.71839141845703125 10.573556900024414062 5.8714056015014648438 6.4999194145202636719 7.6278042793273925781 7.2128453254699707031 11.95552825927734375 5.4945383071899414062 18.861856460571289062 8.940898895263671875 10.14951324462890625 25.4575347900390625 33.5245361328125 21.020925521850585938 12.534303665161132812 25.237497329711914062 26.519815444946289062 19.131162643432617188 24.513341903686523438 10.170372962951660156 7.4124064445495605469 6.7141947746276855469 6.1123728752136230469 8.2990093231201171875 5.3616790771484375 3.7669332027435302734 3.3751528263092041016 -9999 -9999 -9999 -9999 -9999 -9999 -9999 -9999 -9999 -9999 -9999 -9999 -9999 -9999 -9999 -9999 -9999 -9999 -9999 -9999 -9999 -9999
8.1440334320068359375 7.5230040550231933594 7.8177480697631835938 6.0990824699401855469 4.0032677650451660156 7.150951385498046875 6.8497838973999023438 6.3253235816955566406 4.0150046348571777344 7.1090817451477050781 3.9704248905181884766 4.2274174690246582031 7.7530121803283691406 21.47032928466796875 22.425373077392578125 9.0125379562377929688 20.069295883178710938 34.622524261474609375 18.104785919189453125 15.740540504455566406 28.597898483276367188 22.18820953369140625 33.02602386474609375 32.08570098876953125 -9999 9.0891265869140625 8.9934720993041992188 8.6814632415771484375 8.5024309158325195312 3.9598267078399658203 4.5658087730407714844 -9999 -9999 -9999 -9999 -9999 -9999 -9999 -9999 -9999 -9999 -9999 -9999 -9999 -9999 -9999 -9999 -9999 -9999 -9999 -9999 -9999 -9999 -9999
13.561297416687011719 7.3089652061462402344 6.3153815269470214844 4.0615253448486328125 3.0360736846923828125 2.9453954696655273438 2.9669525623321533203 4.3522076606750488281 5.1071381568908691406 5.5253200531005859375 6.3930354118347167969 5.7036948204040527344 9.2880048751831054688 23.686017990112304688 25.761651992797851562 8.896572113037109375 10.0279083251953125 22.80454254150390625 14.024567604064941406 17.109701156616210938 32.0867767333984375 20.157993316650390625 24.19132232666015625 14.527548789978027344 16.797937393188476562 8.9688262939453125 6.5546708106994628906 6.5734882354736328125 8.734424591064453125 8.9402112960815429688 8.1411457061767578125 -9999 -9999 -9999 -9999 -9999 -9999 -9999 -9999 -9999 -9999 -9999 -9999 -9999 -9999 -9999 -9999 -9999 -9999 -9999 -9999 -9999 -9999 -9999
19.2487335205078125 6.542568206787109375 11.439654350280761719 4.1518383026123046875 4.0802974700927734375 5.4976673126220703125 6.222698211669921875 5.7934446334838867188 6.6349520683288574219 6.871250152587890625 9.0530853271484375 9.3786687850952148438 17.324472427368164062 20.759939193725585938 21.837907791137695312 9.7470006942749023438 19.02700042724609375 23.436208724975585938 15.712705612182617188 15.933737754821777344 32.281635284423828125 21.890613555908203125 16.138156890869140625 14.436420440673828125 21.807132720947265625 20.97582244873046875 6.6918382644653320312 5.4151706695556640625 7.6473612785339355469 5.8257651329040527344 7.4622368812561035156 -9999 -9999 -9999 -9999 -9999 -9999 -9999 -9999 -9999 -9999 -9999 -9999 -9999 -9999 -9999 -9999 -9999 -9999 -9999 -9999 -9999 -9999 -9999
17.907634735107421875 6.8331484794616699219 4.1462001800537109375 5.1578412055969238281 7.8704314231872558594 14.279815673828125 5.414333343505859375 7.0628032684326171875 8.277111053466796875 9.7995653152465820312 12.8345489501953125 10.410305976867675781 17.390392303466796875 20.09647369384765625 10.079955101013183594 11.904541015625 25.564188003540039062 26.018749237060546875 24.305866241455078125 18.691190719604492188 13.772316932678222656 27.7810821533203125 23.139101028442382812 18.469799041748046875 25.8209991455078125 22.468610763549804688 7.2538013458251953125 5.7120079994201660156 6.557743072509765625 10.919803619384765625 14.678180694580078125 -9999 -9999 -9999 -9999 -9999 -9999 -9999 -9999 -9999 -9999 -9999 -9999 -9999 -9999 -9999 -9999 -9999 -9999 -9999 -9999 -9999 -9999 -9999
6.1057925224304199219 2.6574366092681884766 8.442913055419921875 21.67230987548828125 18.877004623413085938 16.131509780883789062 5.834468841552734375 17.720952987670898438 17.879514694213867188 16.414079666137695312 10.971964836120605469 17.579479217529296875 18.87508392333984375 15.2731170654296875 21.661085128784179688 11.445197105407714844 12.284142494201660156 25.532535552978515625 25.824954986572265625 13.906809806823730469 21.943546295166015625 58.5527496337890625 54.957790374755859375 29.883892059326171875 30.894771575927734375 26.412889480590820312 10.452617645263671875 7.0498638153076171875 7.0575709342956542969 7.06481170654296875 15.765786170959472656 -9999 -9999 -9999 -9999 -9999 -9999 -9999 -9999 -9999 -9999 -9999 -9999 -9999 -9999 -9999 -9999 -9999 -9999 -9999 -9999 -9999 -9999 -9999
4.3882899284362792969 6.3243255615234375 16.94553375244140625 22.845186233520507812 20.790121078491210938 13.764924049377441406 5.2861423492431640625 8.6753034591674804688 17.524446487426757812 25.343027114868164062 12.436020851135253906 19.059162139892578125 17.495534896850585938 10.972795486450195312 12.377092361450195312 12.034613609313964844 12.63616180419921875 11.1529541015625 12.157958030700683594 12.53307342529296875 13.009331703186035156 53.902011871337890625 51.894985198974609375 24.482715606689453125 21.985429763793945312 23.53305816650390625 25.100933074951171875 8.4637556076049804688 6.9646887779235839844 8.7154998779296875 6.8035111427307128906 -9999 -9999 -9999 -9999 -9999 -9999 -9999 -9999 -9999 -9999 -9999 -9999 -9999 -9999 -9999 -9999 -9999 -9999 -9999 -9999 -9999 -9999 -9999
5.1420607566833496094 6.0032057762145996094 14.606240272521972656 17.000959396362304688 12.695484161376953125 6.7179970741271972656 6.02002716064453125 6.9780683517456054688 7.6963224411010742188 9.9940214157104492188 9.0418004989624023438 9.3388566970825195312 11.14217376708984375 11.125302314758300781 20.420488357543945312 25.12099456787109375 12.815782546997070312 10.886683464050292969 10.615619659423828125 19.966871261596679688 56.54804229736328125 55.618724822998046875 51.83220672607421875 51.683773040771484375 16.569616317749023438 17.783435821533203125 17.783435821533203125 25.614057540893554688 17.278409957885742188 6.8690309524536132812 8.9551753997802734375 6.3713369369506835938 -9999 -9999 -9999 -9999 -9999 -9999 -9999 -9999 -9999 -9999 -9999 -9999 -9999 -9999 -9999 -9999 -9999 -9999 -9999 -9999 -9999 -9999
12.768904685974121094 15.623468399047851562 7.0811023712158203125 6.4129261970520019531 6.6651010513305664062 6.1442446708679199219 13.179009437561035156 8.4558362960815429688 10.473969459533691406 13.944678306579589844 21.189908981323242188 9.0339450836181640625 9.8594427108764648438 18.061391830444335938 22.426996231079101562 34.28809356689453125 9.894527435302734375 12.596628189086914062 28.476995468139648438 12.36692047119140625 27.591114044189453125 32.005619049072265625 56.23900604248046875 52.141021728515625 31.462520599365234375 22.447912216186523438 10.847956657409667969 13.891366958618164062 13.688755989074707031 7.5743618011474609375 6.7989487648010253906 4.9675335884094238281 -9999 -9999 -9999 -9999 -9999 -9999 -9999 -9999 -9999 -9999 -9999 -9999 -9999 -9999 -9999 -9999 -9999 -9999 -9999 -9999 -9999 -9999
14.896739006042480469 13.014001846313476562 3.8632524013519287109 5.1919722557067871094 5.9666590690612792969 6.1442446708679199219 10.895909309387207031 15.4389801025390625 18.7594146728515625 16.223325729370117188 11.691412925720214844 13.67694854736328125 13.67694854736328125 12.879579544067382812 12.848842620849609375 21.439792633056640625 33.71984100341796875 19.76453399658203125 11.879580497741699219 13.477266311645507812 27.15874481201171875 55.530521392822265625 56.311748504638671875 27.60811614990234375 15.104405403137207031 31.363523483276367188 17.696147918701171875 16.521472930908203125 15.675696372985839844 18.656869888305664062 5.9499650001525878906 4.0682816505432128906 -9999 -9999 -9999 -9999 -9999 -9999 -9999 -9999 -9999 -9999 -9999 -9999 -9999 -9999 -9999 -9999 -9999 -9999 -9999 -9999 -9999 -9999
3.9794614315032958984 3.9576873779296875 8.0093564987182617188 5.442962646484375 6.0809392929077148438 16.645528793334960938 20.671651840209960938 6.8485331535339355469 12.085480690002441406 10.958127021789550781 7.9011631011962890625 12.322076797485351562 12.487681388854980469 23.888500213623046875 11.863756179809570312 13.260310173034667969 22.725185394287109375 24.458600997924804688 10.712617874145507812 12.754719734191894531 19.564281463623046875 24.670648574829101562 27.43951416015625 45.47299957275390625 48.172397613525390625 16.403051376342773438 7.349407196044921875 6.71398162841796875 8.4050998687744140625 7.7770094871520996094 6.8955535888671875 4.5564508438110351562 -9999 -9999 -9999 -9999 -9999 -9999 -9999 -9999 -9999 -9999 -9999 -9999 -9999 -9999 -9999 -9999 -9999 -9999 -9999 -9999 -9999 -9999
4.4716725349426269531 12.812272071838378906 17.407779693603515625 14.525437355041503906 5.8179965019226074219 17.574588775634765625 8.9736719131469726562 6.6474246978759765625 8.3487882614135742188 10.030750274658203125 12.357824325561523438 12.570176124572753906 12.296812057495117188 18.941020965576171875 18.41767120361328125 14.953049659729003906 18.029394149780273438 17.589437484741210938 10.775272369384765625 12.574490547180175781 20.6321563720703125 27.693468093872070312 23.413440704345703125 26.935483932495117188 24.919710159301757812 21.520780563354492188 14.970869064331054688 13.905150413513183594 6.4978146553039550781 13.313871383666992188 17.890605926513671875 4.9097499847412109375 5.201385498046875 3.4966754913330078125 3.4989264011383056641 -9999 -9999 -9999 -9999 -9999 -9999 -9999 -9999 -9999 -9999 -9999 -9999 -9999 -9999 -9999 -9999 -9999 -9999 -9999
4.0093674659729003906 12.884943962097167969 11.533656120300292969 8.3378839492797851562 5.6462321281433105469 17.109296798706054688 6.8072729110717773438 6.3366594314575195312 12.574738502502441406 13.736296653747558594 16.899805068969726562 14.536794662475585938 16.680875778198242188 16.2962493896484375 18.28470611572265625 13.324586868286132812 12.604783058166503906 19.481920242309570312 19.29248809814453125 11.867208480834960938 26.459001541137695312 28.235706329345703125 26.765802383422851562 10.96430206298828125 13.222722053527832031 21.927104949951171875 23.458774566650390625 22.567596435546875 5.3257842063903808594 6.7170376777648925781 5.066070556640625 10.456951141357421875 20.32350921630859375 25.368412017822265625 6.6084756851196289062 -9999 -9999 -9999 -9999 -9999 -9999 -9999 -9999 -9999 -9999 -9999 -9999 -9999 -9999 -9999 -9999 -9999 -9999 -9999
10.650796890258789062 15.043430328369140625 12.824138641357421875 3.9239130020141601562 12.518903732299804688 12.632773399353027344 5.6206259727478027344 7.1241044998168945312 17.040700912475585938 18.164093017578125 17.024583816528320312 17.521757125854492188 15.65587615966796875 13.134389877319335938 9.6554279327392578125 13.113905906677246094 14.116946220397949219 19.076091766357421875 18.8656005859375 12.646538734436035156 15.174071311950683594 23.52259063720703125 24.476299285888671875 11.842014312744140625 9.2190885543823242188 8.5930843353271484375 6.5889921188354492188 5.8952174186706542969 6.1259894371032714844 5.2118883132934570312 16.840396881103515625 17.840160369873046875 11.783407211303710938 19.12979888916015625 11.854360580444335938 6.6575870513916015625 -9999 -9999 -9999 -9999 -9999 -9999 -9999 -9999 -9999 -9999 -9999 -9999 -9999 -9999 -9999 -9999 -9999 -9999
4.4664368629455566406 10.744366645812988281 4.19579315185546875 4.1059322357177734375 4.6102118492126464844 5.2630825042724609375 5.7902317047119140625 12.522298812866210938 15.398879051208496094 17.602941513061523438 12.2307891845703125 15.029546737670898438 14.228801727294921875 12.861601829528808594 12.623712539672851562 13.969103813171386719 14.721483230590820312 11.623889923095703125 16.828155517578125 11.246324539184570312 31.64263916015625 18.169694900512695312 13.295076370239257812 15.245436668395996094 -9999 23.303699493408203125 19.577053070068359375 17.998884201049804688 7.0032968521118164062 26.91477203369140625 20.048135757446289062 12.263937950134277344 17.004146575927734375 17.133554458618164062 16.136447906494140625 7.2664508819580078125 -9999 -9999 -9999 -9999 -9999 -9999 -9999 -9999 -9999 -9999 -9999 -9999 -9999 -9999 -9999 -9999 -9999 -9999
3.6478860378265380859 4.7192835807800292969 5.9172301292419433594 6.7945456504821777344 17.172727584838867188 11.298094749450683594 8.8997049331665039062 7.8649973869323730469 13.026226043701171875 15.902420997619628906 16.608367919921875 16.607622146606445312 14.200795173645019531 11.378373146057128906 12.225139617919921875 22.144100189208984375 21.966062545776367188 13.345592498779296875 20.868625640869140625 21.37538909912109375 23.339075088500976562 23.971111297607421875 12.158473968505859375 12.08106231689453125 23.303892135620117188 21.01042938232421875 9.7928829193115234375 7.3469085693359375 8.1336393356323242188 24.4687652587890625 22.864290237426757812 15.626916885375976562 15.33856201171875 18.751007080078125 18.724609375 7.8965821266174316406 -9999 -9999 -9999 -9999 -9999 -9999 -9999 -9999 -9999 -9999 -9999 -9999 -9999 -9999 -9999 -9999 -9999 -9999
3.8136630058288574219 4.2580213546752929688 10.081940650939941406 16.177450180053710938 5.0906033515930175781 7.9191188812255859375 7.7807798385620117188 6.6253385543823242188 14.115221977233886719 9.28592681884765625 17.839473724365234375 -9999 9.4161577224731445312 11.846803665161132812 24.173635482788085938 19.34752655029296875 12.034699440002441406 11.099256515502929688 13.418560028076171875 22.752660751342773438 22.068643569946289062 19.419506072998046875 9.608428955078125 11.312285423278808594 19.834524154663085938 19.826051712036132812 8.5411043167114257812 8.2422971725463867188 22.696163177490234375 24.470462799072265625 20.776418685913085938 17.475366592407226562 10.098925590515136719 7.6877055168151855469 11.915313720703125 -9999 -9999 -9999 -9999 -9999 -9999 -9999 -9999 -9999 -9999 -9999 -9999 -9999 -9999 -9999 -9999 -9999 -9999 -9999
3.6068401336669921875 3.9182682037353515625 6.1523685455322265625 16.064168930053710938 10.116144180297851562 3.4169614315032958984 3.8942000865936279297 7.2432332038879394531 14.334531784057617188 6.5374617576599121094 9.6761426925659179688 9.2630767822265625 12.477131843566894531 13.163013458251953125 22.010967254638671875 21.977609634399414062 19.814123153686523438 9.6686458587646484375 13.04540252685546875 21.298862457275390625 13.423968315124511719 13.496425628662109375 11.58294677734375 9.299205780029296875 16.432863235473632812 16.72078704833984375 8.2760477066040039062 22.191160202026367188 17.21269989013671875 17.891733169555664062 12.002900123596191406 18.563686370849609375 18.259210586547851562 7.9417347908020019531 12.554227828979492188 -9999 -9999 -9999 -9999 -9999 -9999 -9999 -9999 -9999 -9999 -9999 -9999 -9999 -9999 -9999 -9999 -9999 -9999 -9999
6.1911225318908691406 3.8866488933563232422 6.9068226814270019531 13.452062606811523438 9.3010702133178710938 5.8498849868774414062 8.255886077880859375 3.6608266830444335938 4.9006547927856445312 6.0557646751403808594 8.3475847244262695312 9.4057826995849609375 10.512935638427734375 15.532761573791503906 23.3177642822265625 22.385484695434570312 21.88885498046875 12.524671554565429688 13.654786109924316406 15.520664215087890625 19.361133575439453125 12.885189056396484375 14.365736007690429688 22.469335556030273438 10.741677284240722656 9.277225494384765625 8.4124689102172851562 16.055517196655273438 7.32071685791015625 8.2943887710571289062 18.925207138061523438 20.383115768432617188 18.259210586547851562 18.466905593872070312 -9999 -9999 -9999 -9999 -9999 -9999 -9999 -9999 -9999 -9999 -9999 -9999 -9999 -9999 -9999 -9999 -9999 -9999 -9999 -9999
4.903171539306640625 4.7376446723937988281 5.3318924903869628906 4.0039086341857910156 4.0494837760925292969 13.646729469299316406 10.429035186767578125 9.98555755615234375 14.830561637878417969 17.228403091430664062 9.5062103271484375 10.297612190246582031 13.735361099243164062 14.673244476318359375 12.373754501342773438 13.59172821044921875 14.229464530944824219 12.868717193603515625 17.999734878540039062 20.80533599853515625 19.382747650146484375 10.886606216430664062 14.267312049865722656 8.31940460205078125 8.0386285781860351562 7.3144402503967285156 18.643472671508789062 16.017059326171875 5.7535471916198730469 8.13986968994140625 19.55394744873046875 21.1408843994140625 20.338619232177734375 9.546833038330078125 15.900342941284179688 -9999 -9999 -9999 -9999 -9999 -9999 -9999 -9999 -9999 -9999 -9999 -9999 -9999 -9999 -9999 -9999 -9999 -9999 -9999
4.6314415931701660156 15.798267364501953125 16.073760986328125 12.367551803588867188 4.0001158714294433594 13.961172103881835938 16.482645034790039062 15.961508750915527344 7.6670379638671875 11.3901824951171875 11.374281883239746094 14.675273895263671875 9.9209356307983398438 19.433895111083984375 10.470623016357421875 10.471448898315429688 10.729084968566894531 9.998134613037109375 15.576006889343261719 21.675741195678710938 21.063411712646484375 9.6753301620483398438 8.9417629241943359375 13.088664054870605469 8.0784702301025390625 10.112294197082519531 18.176044464111328125 18.176044464111328125 9.3766307830810546875 8.2992010116577148438 6.5906267166137695312 20.653024673461914062 19.961812973022460938 17.702081680297851562 8.3124704360961914062 -9999 -9999 -9999 -9999 -9999 -9999 -9999 -9999 -9999 -9999 -9999 -9999 -9999 -9999 -9999 -9999 -9999 -9999 -9999
5.5873584747314453125 12.561618804931640625 13.302899360656738281 9.134334564208984375 3.9184319972991943359 6.7255215644836425781 7.9821619987487792969 18.73149871826171875 6.7911171913146972656 18.142808914184570312 18.339319229125976562 12.444047927856445312 9.0709962844848632812 9.9081621170043945312 9.63956451416015625 10.174686431884765625 10.804125785827636719 12.082835197448730469 13.985993385314941406 21.623437881469726562 18.880779266357421875 18.880779266357421875 18.286289215087890625 13.85613250732421875 21.4187774658203125 6.3748455047607421875 9.1416139602661132812 17.62909698486328125 14.2991943359375 7.7422175407409667969 5.835094451904296875 20.146257400512695312 22.30999755859375 15.596714019775390625 6.9828548431396484375 -9999 -9999 -9999 -9999 -9999 -9999 -9999 -9999 -9999 -9999 -9999 -9999 -9999 -9999 -9999 -9999 -9999 -9999 -9999
13.031805038452148438 5.7769036293029785156 7.3171887397766113281 9.7530059814453125 7.1049518585205078125 4.2151594161987304688 6.3602261543273925781 12.341892242431640625 13.207997322082519531 7.9972395896911621094 18.68968963623046875 14.643262863159179688 7.1745305061340332031 13.503352165222167969 13.887738227844238281 12.460038185119628906 12.460038185119628906 11.748414993286132812 12.374665260314941406 18.64159393310546875 15.576494216918945312 15.766073226928710938 19.197351455688476562 8.5332279205322265625 12.959113121032714844 15.521647453308105469 7.1703329086303710938 11.196551322937011719 8.3128833770751953125 9.420749664306640625 15.392934799194335938 16.196626663208007812 20.357419967651367188 10.927290916442871094 5.6167697906494140625 -9999 -9999 -9999 -9999 -9999 -9999 -9999 -9999 -9999 -9999 -9999 -9999 -9999 -9999 -9999 -9999 -9999 -9999 -9999
