data/germany/gwl-max_1000_25832_etrs89-utm32.asc
ncols        283
nrows        287
xllcorner    640492.098854022799
yllcorner    5679606.173605500720
cellsize     1000.000000000000
NODATA_value  -9999
[rows 192 to 215 of 287, columns 216 to 269 of 283]
15.436923027038574219 14.279227256774902344 6.7763113975524902344 8.9683237075805664062 6.0262651443481445312 3.5526201725006103516 5.608333587646484375 7.0638871192932128906 14.366831779479980469 6.8816175460815429688 6.8816175460815429688 8.2451829910278320312 12.397446632385253906 6.7891001701354980469 10.156558990478515625 11.109429359436035156 11.254195213317871094 11.309785842895507812 18.346738815307617188 18.293291091918945312 18.350006103515625 17.796051025390625 21.536668777465820312 23.023481369018554688 13.126142501831054688 9.4943180084228515625 7.4304041862487792969 18.2133636474609375 21.81198883056640625 8.8664827346801757812 16.73822021484375 15.633208274841308594 16.699834823608398438 7.3078813552856445312 5.5532970428466796875 -9999 -9999 -9999 -9999 -9999 -9999 -9999 -9999 -9999 -9999 -9999 -9999 -9999 -9999 -9999 -9999 -9999 -9999 -9999
15.539835929870605469 6.0701451301574707031 7.4412856101989746094 26.407918930053710938 8.40804290771484375 8.40804290771484375 9.2941722869873046875 5.184734344482421875 5.0923051834106445312 5.1361918449401855469 8.2262725830078125 8.448642730712890625 8.52652740478515625 7.3648972511291503906 8.5670413970947265625 10.390233039855957031 12.505930900573730469 13.510786056518554688 21.672977447509765625 19.364294052124023438 22.460323333740234375 21.385885238647460938 22.77355194091796875 19.126081466674804688 8.3912944793701171875 9.3695402145385742188 16.281919479370117188 8.9476442337036132812 8.6174325942993164062 7.8773875236511230469 7.520023345947265625 9.241703033447265625 10.338077545166015625 6.1690440177917480469 6.9524583816528320312 -9999 -9999 -9999 -9999 -9999 -9999 -9999 -9999 -9999 -9999 -9999 -9999 -9999 -9999 -9999 -9999 -9999 -9999 -9999
4.5054368972778320312 4.0613589286804199219 5.4544000625610351562 11.922887802124023438 15.600426673889160156 17.963590621948242188 8.980926513671875 7.6383466720581054688 8.1155252456665039062 7.1591916084289550781 8.337085723876953125 15.9159088134765625 16.065370559692382812 13.828929901123046875 11.097026824951171875 9.6437692642211914062 12.168587684631347656 21.586383819580078125 18.625589370727539062 12.467067718505859375 13.807825088500976562 21.54190826416015625 11.535220146179199219 8.6661252975463867188 9.3708562850952148438 9.62921905517578125 7.4580740928649902344 6.9342508316040039062 7.0326924324035644531 6.9790806770324707031 6.7718830108642578125 7.2077994346618652344 7.1812815666198730469 15.517298698425292969 -9999 -9999 -9999 -9999 -9999 -9999 -9999 -9999 -9999 -9999 -9999 -9999 -9999 -9999 -9999 -9999 -9999 -9999 -9999 -9999
5.6226253509521484375 6.0263886451721191406 4.3647246360778808594 5.7776694297790527344 7.9145970344543457031 25.199804306030273438 16.645793914794921875 14.588000297546386719 9.2118930816650390625 11.914370536804199219 9.0645589828491210938 19.638635635375976562 19.430353164672851562 11.635862350463867188 10.376511573791503906 11.82880401611328125 19.477521896362304688 20.100719451904296875 17.890260696411132812 11.977481842041015625 10.728447914123535156 10.486094474792480469 9.1180562973022460938 7.7522115707397460938 9.7713336944580078125 7.4341330528259277344 9.6629581451416015625 13.685112953186035156 17.804658889770507812 17.229564666748046875 6.8403482437133789062 5.2400135993957519531 24.614442825317382812 17.419498443603515625 -9999 -9999 -9999 -9999 -9999 -9999 -9999 -9999 -9999 -9999 -9999 -9999 -9999 -9999 -9999 -9999 -9999 -9999 -9999 -9999
8.4563770294189453125 6.19699859619140625 7.229816436767578125 4.7886414527893066406 7.4085516929626464844 19.687074661254882812 15.579341888427734375 27.298791885375976562 18.524759292602539062 18.884187698364257812 13.824156761169433594 22.430614471435546875 14.214570999145507812 8.30893707275390625 13.877836227416992188 11.310839653015136719 13.105223655700683594 21.045475006103515625 14.199840545654296875 11.977481842041015625 10.634072303771972656 10.97159576416015625 6.6753320693969726562 6.9786844253540039062 6.97859954833984375 15.290286064147949219 11.490449905395507812 15.735749244689941406 18.1091461181640625 17.489336013793945312 7.2512001991271972656 13.073144912719726562 20.8160247802734375 5.4095654487609863281 -9999 -9999 -9999 -9999 -9999 -9999 -9999 -9999 -9999 -9999 -9999 -9999 -9999 -9999 -9999 -9999 -9999 -9999 -9999 -9999
6.2741155624389648438 6.1064634323120117188 10.272367477416992188 14.792718887329101562 6.3083028793334960938 8.060970306396484375 9.211338043212890625 22.490856170654296875 12.58531951904296875 20.699375152587890625 26.66278076171875 19.88150787353515625 10.205610275268554688 10.990574836730957031 13.032439231872558594 16.659824371337890625 18.121385574340820312 16.3524322509765625 12.264473915100097656 12.628231048583984375 9.8534708023071289062 7.1430616378784179688 11.139986991882324219 11.980365753173828125 7.2691974639892578125 8.3144826889038085938 10.941572189331054688 10.671795845031738281 20.30799102783203125 5.7835221290588378906 6.3603053092956542969 6.2066187858581542969 5.1308016777038574219 6.8112192153930664062 -9999 -9999 -9999 -9999 -9999 -9999 -9999 -9999 -9999 -9999 -9999 -9999 -9999 -9999 -9999 -9999 -9999 -9999 -9999 -9999
7.7116885185241699219 16.223262786865234375 10.05925750732421875 5.8372054100036621094 9.8314447402954101562 6.167400360107421875 15.196711540222167969 17.683301925659179688 14.330220222473144531 16.364614486694335938 20.6845245361328125 15.643308639526367188 14.691473007202148438 16.080411911010742188 14.4831695556640625 16.793066024780273438 16.140869140625 11.467678070068359375 11.689920425415039062 10.538403511047363281 9.7645883560180664062 14.026280403137207031 8.7226123809814453125 9.295879364013671875 13.780989646911621094 6.5932993888854980469 6.48760986328125 6.9019351005554199219 5.8186197280883789062 6.0240902900695800781 8.2157068252563476562 15.1483612060546875 27.377605438232421875 -9999 -9999 -9999 -9999 -9999 -9999 -9999 -9999 -9999 -9999 -9999 -9999 -9999 -9999 -9999 -9999 -9999 -9999 -9999 -9999 -9999
6.0755171775817871094 16.31246185302734375 8.4716920852661132812 7.8202457427978515625 4.8176088333129882812 7.3753862380981445312 10.442220687866210938 10.903294563293457031 8.175457000732421875 9.3816738128662109375 8.7129468917846679688 -9999 11.109345436096191406 12.484141349792480469 11.906910896301269531 13.343921661376953125 15.629400253295898438 11.317075729370117188 10.07903289794921875 9.460361480712890625 8.8903722763061523438 9.7009744644165039062 9.9191074371337890625 8.2781200408935546875 7.8869485855102539062 11.772357940673828125 10.654707908630371094 8.6541852951049804688 7.9027943611145019531 19.156709671020507812 15.865633964538574219 15.059743881225585938 22.585704803466796875 -9999 -9999 -9999 -9999 -9999 -9999 -9999 -9999 -9999 -9999 -9999 -9999 -9999 -9999 -9999 -9999 -9999 -9999 -9999 -9999 -9999
5.9982104301452636719 7.1915621757507324219 3.4891619682312011719 4.238574981689453125 5.9597983360290527344 6.748371124267578125 18.216241836547851562 8.6755189895629882812 6.8096017837524414062 6.8742837905883789062 7.8227171897888183594 10.300852775573730469 10.340936660766601562 11.066187858581542969 12.020137786865234375 11.821101188659667969 12.729248046875 11.628038406372070312 9.3165988922119140625 12.602120399475097656 11.780779838562011719 7.3877263069152832031 9.7734575271606445312 9.6562623977661132812 8.645648956298828125 7.5526041984558105469 7.9339280128479003906 7.3545475006103515625 10.243654251098632812 19.051746368408203125 18.200418472290039062 14.142955780029296875 22.1962890625 -9999 -9999 -9999 -9999 -9999 -9999 -9999 -9999 -9999 -9999 -9999 -9999 -9999 -9999 -9999 -9999 -9999 -9999 -9999 -9999 -9999
4.8992209434509277344 13.010558128356933594 8.1262645721435546875 8.354740142822265625 9.5275278091430664062 14.7647705078125 8.682247161865234375 7.4721288681030273438 5.014270782470703125 5.3629550933837890625 9.536678314208984375 9.1952152252197265625 10.851202964782714844 10.969512939453125 11.86441802978515625 11.234373092651367188 11.744052886962890625 10.867232322692871094 11.146656990051269531 15.100331306457519531 19.969493865966796875 7.5852642059326171875 18.010843276977539062 20.748920440673828125 26.61226654052734375 14.742077827453613281 8.4916429519653320312 7.3198919296264648438 9.7454710006713867188 19.12322235107421875 24.124767303466796875 23.0272674560546875 -9999 -9999 -9999 -9999 -9999 -9999 -9999 -9999 -9999 -9999 -9999 -9999 -9999 -9999 -9999 -9999 -9999 -9999 -9999 -9999 -9999 -9999
12.883378028869628906 15.72832489013671875 10.3309478759765625 16.995370864868164062 17.755659103393554688 9.4175624847412109375 8.4325695037841796875 5.9986963272094726562 5.1873264312744140625 5.8197145462036132812 6.4210958480834960938 13.07524871826171875 11.863930702209472656 13.483913421630859375 13.354559898376464844 13.351967811584472656 10.882399559020996094 12.655986785888671875 18.696958541870117188 21.367706298828125 8.7147731781005859375 9.3226222991943359375 18.539037704467773438 17.863729476928710938 14.231987953186035156 21.967060089111328125 20.999149322509765625 10.668737411499023438 10.668737411499023438 14.978994369506835938 9.5754041671752929688 10.553534507751464844 -9999 -9999 -9999 -9999 -9999 -9999 -9999 -9999 -9999 -9999 -9999 -9999 -9999 -9999 -9999 -9999 -9999 -9999 -9999 -9999 -9999 -9999
6.8656911849975585938 17.132572174072265625 10.699091911315917969 16.983270645141601562 13.103615760803222656 14.857035636901855469 12.28644561767578125 6.9129405021667480469 5.2191557884216308594 4.6971745491027832031 6.8115797042846679688 11.104411125183105469 9.2481708526611328125 10.354636192321777344 9.7452363967895507812 12.610779762268066406 12.744370460510253906 12.717404365539550781 9.5363626480102539062 8.5189352035522460938 7.5570235252380371094 9.0875520706176757812 17.984910964965820312 17.984910964965820312 19.025424957275390625 14.977463722229003906 17.399616241455078125 26.175767898559570312 29.882089614868164062 22.869745254516601562 10.90459442138671875 5.9513235092163085938 -9999 -9999 -9999 -9999 -9999 -9999 -9999 -9999 -9999 -9999 -9999 -9999 -9999 -9999 -9999 -9999 -9999 -9999 -9999 -9999 -9999 -9999
15.206120491027832031 15.947375297546386719 12.423642158508300781 15.990138053894042969 15.454092025756835938 12.238262176513671875 6.1454739570617675781 4.7384386062622070312 4.7086324691772460938 3.6530764102935791016 5.1219515800476074219 6.9780321121215820312 7.4416189193725585938 9.4645442962646484375 9.7040090560913085938 8.3576021194458007812 9.1498479843139648438 8.4779205322265625 8.4779205322265625 8.4245281219482421875 8.175167083740234375 6.458293914794921875 9.11122894287109375 19.998384475708007812 20.08231353759765625 21.895330429077148438 15.097289085388183594 18.375257492065429688 17.597820281982421875 19.146900177001953125 11.562907218933105469 -9999 -9999 -9999 -9999 -9999 -9999 -9999 -9999 -9999 -9999 -9999 -9999 -9999 -9999 -9999 -9999 -9999 -9999 -9999 -9999 -9999 -9999 -9999
16.980451583862304688 15.184517860412597656 16.290948867797851562 14.483455657958984375 13.954903602600097656 12.676313400268554688 4.3970646858215332031 3.7664747238159179688 3.3032720088958740234 3.2550547122955322266 7.2214059829711914062 5.6532015800476074219 5.465579986572265625 9.5143480300903320312 9.5143480300903320312 9.094974517822265625 8.6517314910888671875 8.4698810577392578125 8.07157135009765625 8.3723602294921875 8.4751148223876953125 7.1947407722473144531 8.6947641372680664062 15.557900428771972656 16.028064727783203125 14.382283210754394531 19.969776153564453125 19.47516632080078125 14.682821273803710938 24.051485061645507812 -9999 -9999 -9999 -9999 -9999 -9999 -9999 -9999 -9999 -9999 -9999 -9999 -9999 -9999 -9999 -9999 -9999 -9999 -9999 -9999 -9999 -9999 -9999 -9999
6.0155286788940429688 6.9719719886779785156 7.5682759284973144531 12.541716575622558594 7.6455936431884765625 6.5730028152465820312 3.4442074298858642578 2.4410216808319091797 2.4614114761352539062 2.4614114761352539062 2.7906713485717773438 3.3951902389526367188 7.6802439689636230469 4.1844077110290527344 3.1788959503173828125 10.705035209655761719 11.29206085205078125 8.704681396484375 9.2383031845092773438 9.4941911697387695312 9.3155965805053710938 8.2476825714111328125 8.5624933242797851562 16.187063217163085938 7.6440911293029785156 8.1562700271606445312 15.487221717834472656 20.73320770263671875 29.304483413696289062 -9999 -9999 -9999 -9999 -9999 -9999 -9999 -9999 -9999 -9999 -9999 -9999 -9999 -9999 -9999 -9999 -9999 -9999 -9999 -9999 -9999 -9999 -9999 -9999 -9999
4.4141850471496582031 5.2487521171569824219 5.6061940193176269531 6.1464953422546386719 4.0068960189819335938 4.0068960189819335938 3.389446258544921875 2.3185565471649169922 2.5525968074798583984 1.9284446239471435547 2.5608415603637695312 2.5687022209167480469 4.6629199981689453125 4.4075016975402832031 3.4325716495513916016 8.3873310089111328125 7.4035825729370117188 8.6701755523681640625 8.6941576004028320312 9.7335596084594726562 8.6103849411010742188 8.7451887130737304688 10.602983474731445312 19.943058013916015625 7.5474681854248046875 21.16558074951171875 9.069499969482421875 13.292979240417480469 23.146574020385742188 -9999 -9999 -9999 -9999 -9999 -9999 -9999 -9999 -9999 -9999 -9999 -9999 -9999 -9999 -9999 -9999 -9999 -9999 -9999 -9999 -9999 -9999 -9999 -9999 -9999
3.2021729946136474609 3.2021729946136474609 7.1110811233520507812 8.6414461135864257812 8.4203052520751953125 3.6849946975708007812 2.4352576732635498047 1.7311102151870727539 2.0517840385437011719 3.9926919937133789062 4.3698568344116210938 5.0311846733093261719 3.7305600643157958984 3.9116053581237792969 3.0159168243408203125 3.0086405277252197266 5.2397050857543945312 8.1563062667846679688 5.5208811759948730469 8.5212249755859375 9.5921535491943359375 8.4285020828247070312 7.8720836639404296875 18.437223434448242188 6.226348876953125 15.725530624389648438 28.126573562622070312 11.7574615478515625 -9999 -9999 -9999 -9999 -9999 -9999 -9999 -9999 -9999 -9999 -9999 -9999 -9999 -9999 -9999 -9999 -9999 -9999 -9999 -9999 -9999 -9999 -9999 -9999 -9999 -9999
2.1714475154876708984 2.299823760986328125 4.5389790534973144531 6.9086031913757324219 6.7739057540893554688 3.4613847732543945312 1.9814504384994506836 1.6577025651931762695 1.9891425371170043945 2.0297675132751464844 2.0994145870208740234 3.4179041385650634766 7.4064326286315917969 3.9771542549133300781 3.0962080955505371094 2.8494293689727783203 4.4713468551635742188 8.0406703948974609375 8.02606201171875 13.846696853637695312 10.420861244201660156 9.5319347381591796875 10.187053680419921875 9.513538360595703125 18.444488525390625 -9999 16.675489425659179688 19.920536041259765625 -9999 -9999 -9999 -9999 -9999 -9999 -9999 -9999 -9999 -9999 -9999 -9999 -9999 -9999 -9999 -9999 -9999 -9999 -9999 -9999 -9999 -9999 -9999 -9999 -9999 -9999
2.0520815849304199219 1.9237138032913208008 2.1250157356262207031 2.3812024593353271484 3.0010747909545898438 2.3500456809997558594 2.1460607051849365234 1.9249756336212158203 2.0859084129333496094 2.111156463623046875 2.019924163818359375 2.6351172924041748047 5.6825542449951171875 4.2849855422973632812 3.4593460559844970703 2.787464141845703125 5.3498735427856445312 2.2959828376770019531 9.19493865966796875 10.740081787109375 9.0025577545166015625 10.990346908569335938 16.065996170043945312 7.0845570564270019531 18.95667266845703125 16.251953125 12.361478805541992188 -9999 -9999 -9999 -9999 -9999 -9999 -9999 -9999 -9999 -9999 -9999 -9999 -9999 -9999 -9999 -9999 -9999 -9999 -9999 -9999 -9999 -9999 -9999 -9999 -9999 -9999 -9999
1.9593111276626586914 1.9321334362030029297 2.5002322196960449219 2.2699253559112548828 2.7961285114288330078 2.6705489158630371094 3.0903594493865966797 2.3268399238586425781 2.3244485855102539062 2.3446843624114990234 2.5144898891448974609 2.8630726337432861328 5.0471649169921875 5.8656787872314453125 7.4233942031860351562 5.8497338294982910156 8.536956787109375 7.5514283180236816406 10.759758949279785156 11.919625282287597656 10.016745567321777344 9.8378400802612304688 7.6464900970458984375 7.4700961112976074219 6.4129419326782226562 14.680784225463867188 16.705804824829101562 -9999 -9999 -9999 -9999 -9999 -9999 -9999 -9999 -9999 -9999 -9999 -9999 -9999 -9999 -9999 -9999 -9999 -9999 -9999 -9999 -9999 -9999 -9999 -9999 -9999 -9999 -9999
3.398212432861328125 2.7943196296691894531 2.6734943389892578125 2.7734894752502441406 4.76943206787109375 4.315799713134765625 3.6020414829254150391 3.1814758777618408203 2.5726726055145263672 3.0323147773742675781 5.4618620872497558594 3.2553553581237792969 -9999 8.3817110061645507812 5.5565400123596191406 10.751051902770996094 8.9196825027465820312 18.162160873413085938 24.136936187744140625 27.450847625732421875 10.102548599243164062 8.3972673416137695312 7.3422865867614746094 9.3106899261474609375 8.2319517135620117188 8.39937591552734375 8.7595977783203125 -9999 -9999 -9999 -9999 -9999 -9999 -9999 -9999 -9999 -9999 -9999 -9999 -9999 -9999 -9999 -9999 -9999 -9999 -9999 -9999 -9999 -9999 -9999 -9999 -9999 -9999 -9999
3.9908595085144042969 4.4653573036193847656 5.1234159469604492188 4.2820453643798828125 3.9321308135986328125 3.2216424942016601562 4.7986178398132324219 3.3022706508636474609 3.5780966281890869141 4.6876053810119628906 5.64600372314453125 3.4032788276672363281 6.9873294830322265625 7.4236316680908203125 5.887786865234375 6.5456624031066894531 14.374204635620117188 11.0699005126953125 26.387067794799804688 25.74811553955078125 8.3633575439453125 9.0358724594116210938 9.2437286376953125 9.6429729461669921875 10.673282623291015625 6.9137406349182128906 6.8509469032287597656 7.8012871742248535156 -9999 -9999 -9999 -9999 -9999 -9999 -9999 -9999 -9999 -9999 -9999 -9999 -9999 -9999 -9999 -9999 -9999 -9999 -9999 -9999 -9999 -9999 -9999 -9999 -9999 -9999
2.922801971435546875 3.976581573486328125 4.0705904960632324219 4.1085271835327148438 4.6692795753479003906 4.4955053329467773438 4.5373330116271972656 3.2875149250030517578 4.301113128662109375 4.3440837860107421875 5.8756499290466308594 5.96546173095703125 6.5344085693359375 7.2553782463073730469 5.5492491722106933594 5.8790526390075683594 5.9291372299194335938 7.0546107292175292969 10.32363128662109375 10.594972610473632812 7.1592116355895996094 8.4463815689086914062 12.183079719543457031 21.18111419677734375 17.212774276733398438 10.431832313537597656 7.3868489265441894531 15.40465545654296875 4.9776444435119628906 3.1044161319732666016 -9999 -9999 -9999 -9999 -9999 -9999 -9999 -9999 -9999 -9999 -9999 -9999 -9999 -9999 -9999 -9999 -9999 -9999 -9999 -9999 -9999 -9999 -9999 -9999
2.1961002349853515625 2.5665369033813476562 2.1800627708435058594 3.2953507900238037109 5.6459636688232421875 4.5962171554565429688 5.1359996795654296875 4.9766926765441894531 5.6917834281921386719 5.2973818778991699219 5.4255499839782714844 3.8313739299774169922 6.6126618385314941406 16.149290084838867188 5.4459738731384277344 7.7162313461303710938 8.665546417236328125 9.2861280441284179688 18.13849639892578125 14.900371551513671875 9.0804014205932617188 15.751996040344238281 15.794922828674316406 28.316860198974609375 17.996490478515625 16.15509796142578125 13.503057479858398438 8.0189647674560546875 4.4907269477844238281 4.4907269477844238281 3.2345864772796630859 3.0672137737274169922 -9999 -9999 -9999 -9999 -9999 -9999 -9999 -9999 -9999 -9999 -9999 -9999 -9999 -9999 -9999 -9999 -9999 -9999 -9999 -9999 -9999 -9999
