data/germany/gwl-mean_1000_25832_etrs89-utm32.asc
ncols        283
nrows        287
xllcorner    640492.098854022799
yllcorner    5679606.173605500720
cellsize     1000.000000000000
NODATA_value  -9999
[rows 120 to 143 of 287, columns 108 to 161 of 283]
1.7912257909774780273 1.4339916706085205078 1.6032924652099609375 1.2024621963500976562 1.3991646766662597656 1.6283130645751953125 1.619814753532409668 1.7795661687850952148 1.7947629690170288086 1.7739551067352294922 1.8536584377288818359 2.1322240829467773438 1.992633819580078125 1.6579358577728271484 1.6788669824600219727 1.7301386594772338867 2.1332945823669433594 2.793132781982421875 3.8868651390075683594 6.7569975852966308594 8.3611497879028320312 8.7860555648803710938 12.646968841552734375 14.440881729125976562 12.6550140380859375 8.823276519775390625 7.6150784492492675781 5.5716385841369628906 11.530752182006835938 9.7789068222045898438 9.1306400299072265625 10.438901901245117188 6.0455865859985351562 3.2589192390441894531 2.2553036212921142578 2.9108374118804931641 3.3375802040100097656 2.3044233322143554688 3.2487797737121582031 4.1791481971740722656 -9999 14.654653549194335938 10.09597015380859375 11.587346076965332031 7.0336527824401855469 8.0011568069458007812 4.0822176933288574219 2.3892765045166015625 3.3638348579406738281 8.7816801071166992188 6.7480187416076660156 4.7292456626892089844 3.6008203029632568359 -9999
2.2857732772827148438 2.0138525962829589844 1.9141941070556640625 1.1910321712493896484 0.88737910985946655273 1.2261618375778198242 1.2297610044479370117 1.4566148519515991211 1.6263147592544555664 1.933907628059387207 2.7438044548034667969 1.8422718048095703125 1.7198758125305175781 1.6874153614044189453 1.8356167078018188477 1.9064255952835083008 3.1463963985443115234 2.5408461093902587891 3.9945704936981201172 8.473041534423828125 12.926524162292480469 11.538202285766601562 5.1021289825439453125 8.4120492935180664062 13.280083656311035156 6.4096174240112304688 8.2205381393432617188 9.7387266159057617188 8.5163059234619140625 10.753596305847167969 13.700964927673339844 12.548981666564941406 6.0346889495849609375 -9999 -9999 2.4602491855621337891 3.1179320812225341797 2.7939741611480712891 4.4401483535766601562 12.889440536499023438 12.743871688842773438 7.8971920013427734375 8.8652019500732421875 7.1651458740234375 9.4145288467407226562 10.410714149475097656 9.601871490478515625 3.8568794727325439453 2.5414359569549560547 3.1018571853637695312 2.5678260326385498047 1.896504521369934082 2.4947779178619384766 -9999
1.8188517093658447266 3.7530033588409423828 2.6269228458404541016 2.1067712306976318359 1.9012762308120727539 1.6016489267349243164 1.7825242280960083008 1.417855381965637207 1.5640567541122436523 2.8787820339202880859 3.4462523460388183594 2.8442404270172119141 1.6815180778503417969 1.9675610065460205078 2.1100966930389404297 1.757593989372253418 1.8742146492004394531 2.066265106201171875 2.2633574008941650391 3.1705808639526367188 4.4200487136840820312 12.865849494934082031 8.7319746017456054688 6.1044397354125976562 6.760066986083984375 6.3799271583557128906 5.5930347442626953125 8.5966043472290039062 9.2890062332153320312 8.7845544815063476562 7.65509033203125 11.228398323059082031 4.4277853965759277344 3.3444113731384277344 2.0740723609924316406 2.8062055110931396484 2.4264273643493652344 3.9312903881072998047 8.176364898681640625 13.909279823303222656 4.9017386436462402344 5.1264376640319824219 5.3141050338745117188 8.1585245132446289062 9.5998210906982421875 11.221027374267578125 7.8246135711669921875 2.1643061637878417969 2.3260283470153808594 3.6439349651336669922 8.2651653289794921875 5.0727629661560058594 -9999 -9999
1.8397240638732910156 2.86014556884765625 2.6848604679107666016 3.1044721603393554688 3.0308680534362792969 2.4887652397155761719 1.6345553398132324219 1.7420612573623657227 3.1324591636657714844 2.0888659954071044922 2.3701450824737548828 2.7445867061614990234 1.6048423051834106445 1.6713430881500244141 1.6847777366638183594 1.7042984962463378906 1.928441166877746582 2.2870652675628662109 2.1262075901031494141 2.1731891632080078125 2.7475914955139160156 3.6020221710205078125 5.7995352745056152344 11.687178611755371094 4.9458737373352050781 3.9045577049255371094 8.6032867431640625 9.9711484909057617188 8.3714323043823242188 8.8068590164184570312 9.1148805618286132812 6.4910531044006347656 10.479892730712890625 3.9766559600830078125 2.2953522205352783203 2.1523706912994384766 2.7899498939514160156 2.0374834537506103516 4.5578732490539550781 13.246356010437011719 9.996761322021484375 6.287265777587890625 -9999 -9999 5.1565713882446289062 4.9070563316345214844 7.7643918991088867188 2.2688803672790527344 3.7641999721527099609 8.1309709548950195312 10.27194976806640625 5.5413470268249511719 -9999 -9999
2.4550230503082275391 2.1308293342590332031 2.061740875244140625 1.7652853727340698242 1.8453052043914794922 2.49736785888671875 2.1714434623718261719 1.9946650266647338867 3.1268112659454345703 2.5267760753631591797 2.241809844970703125 2.0450074672698974609 2.0511837005615234375 1.8520587682723999023 1.837716221809387207 1.8020009994506835938 1.8539525270462036133 2.1054847240447998047 2.548122406005859375 1.8751568794250488281 2.0163087844848632812 2.5897505283355712891 3.2152659893035888672 12.157813072204589844 13.903037071228027344 4.7200331687927246094 9.7859182357788085938 9.4004564285278320312 9.3410463333129882812 13.009075164794921875 7.4672427177429199219 5.9154706001281738281 3.7527463436126708984 2.6883561611175537109 1.9270712137222290039 2.7009952068328857422 2.5321698188781738281 2.003173828125 4.0595049858093261719 12.238706588745117188 12.208155632019042969 4.99658203125 -9999 -9999 4.9542040824890136719 3.9394958019256591797 11.803029060363769531 7.2432985305786132812 -9999 2.620243072509765625 6.0889592170715332031 3.30779266357421875 3.5825641155242919922 -9999
5.2730393409729003906 1.8337035179138183594 1.6935044527053833008 1.6181817054748535156 1.7655191421508789062 1.9349272251129150391 2.0631451606750488281 2.4143149852752685547 3.0459272861480712891 2.9015269279479980469 3.7699754238128662109 2.1855230331420898438 2.1058373451232910156 1.9662886857986450195 1.9679508209228515625 2.1547799110412597656 2.0872642993927001953 2.0044269561767578125 2.5698645114898681641 1.8411356210708618164 1.8575583696365356445 1.9389693737030029297 2.6126444339752197266 3.3874759674072265625 6.5986814498901367188 7.9073729515075683594 12.355998992919921875 12.160526275634765625 10.918596267700195312 15.430850982666015625 5.2030606269836425781 3.8578844070434570312 2.3952317237854003906 1.77362060546875 1.6643350124359130859 2.5802674293518066406 2.3941273689270019531 1.8551946878433227539 3.2500412464141845703 3.9162046909332275391 10.765387535095214844 -9999 -9999 -9999 3.0605378150939941406 3.3761944770812988281 3.0233392715454101562 2.6392900943756103516 2.6436874866485595703 -9999 -9999 2.8283791542053222656 -9999 -9999
6.0736522674560546875 2.9419281482696533203 1.8508108854293823242 2.0682086944580078125 1.7183554172515869141 1.509387969970703125 2.6874699592590332031 2.3063631057739257812 2.3336720466613769531 3.2223055362701416016 3.4881215095520019531 2.3289322853088378906 2.3062124252319335938 1.8248997926712036133 2.1905994415283203125 1.7002075910568237305 1.70067596435546875 1.988753199577331543 1.840969085693359375 1.7169222831726074219 1.6395807266235351562 1.8644039630889892578 1.8877408504486083984 2.0271167755126953125 2.8301260471343994141 3.7622356414794921875 4.0820436477661132812 12.465688705444335938 8.2778730392456054688 4.056255340576171875 3.0919861793518066406 2.3529899120330810547 1.8777520656585693359 1.4016574621200561523 1.9027079343795776367 -9999 2.2532689571380615234 1.8418552875518798828 2.5825634002685546875 3.9037275314331054688 4.9398999214172363281 -9999 -9999 -9999 10.97760772705078125 2.4803521633148193359 2.2994010448455810547 2.6423501968383789062 -9999 -9999 -9999 -9999 -9999 -9999
4.9859528541564941406 3.7898492813110351562 4.1681418418884277344 5.2156515121459960938 3.9424180984497070312 3.2750709056854248047 2.39422607421875 2.4644861221313476562 2.5561721324920654297 2.5305535793304443359 2.3704359531402587891 2.6828758716583251953 2.9176280498504638672 1.9178658723831176758 2.2426507472991943359 1.7542816400527954102 1.8671734333038330078 1.769654393196105957 1.766390681266784668 1.9796668291091918945 2.0154919624328613281 2.0285451412200927734 2.1793515682220458984 1.8083899021148681641 1.847240447998046875 2.0344052314758300781 2.2866275310516357422 5.154987335205078125 3.6095006465911865234 2.6360182762145996094 2.1294281482696533203 1.6914478540420532227 1.6564334630966186523 1.2740678787231445312 1.3728135824203491211 1.7492350339889526367 -9999 1.7449754476547241211 -9999 -9999 -9999 -9999 -9999 -9999 -9999 2.2171151638031005859 2.9109392166137695312 3.6269533634185791016 -9999 -9999 -9999 -9999 -9999 -9999
4.4719262123107910156 5.275623321533203125 7.1294403076171875 17.036838531494140625 13.1726837158203125 6.1368031501770019531 4.0550780296325683594 3.7740163803100585938 4.1940402984619140625 2.3320379257202148438 2.215732574462890625 2.1848192214965820312 2.4884960651397705078 1.9731343984603881836 -9999 1.9324973821640014648 2.1661899089813232422 2.1154541969299316406 2.2956676483154296875 1.7147660255432128906 2.3475840091705322266 2.6013510227203369141 2.3533771038055419922 2.5463526248931884766 3.4877903461456298828 2.5980641841888427734 1.8778210878372192383 2.2306334972381591797 2.6616532802581787109 2.1022589206695556641 1.8841551542282104492 1.7526822090148925781 1.8083206415176391602 1.4034066200256347656 1.0853348970413208008 1.3995260000228881836 -9999 -9999 -9999 -9999 -9999 -9999 -9999 -9999 -9999 -9999 -9999 -9999 -9999 -9999 -9999 -9999 -9999 -9999
5.3572673797607421875 9.3424310684204101562 9.1669683456420898438 7.1052298545837402344 6.1969199180603027344 6.5685687065124511719 13.146172523498535156 5.8858118057250976562 16.425571441650390625 5.0727515220642089844 3.8198869228363037109 3.2860476970672607422 2.4366593360900878906 2.020793914794921875 2.0104124546051025391 1.7134549617767333984 1.6132932901382446289 1.6664054393768310547 2.0697674751281738281 1.6338858604431152344 1.8421192169189453125 1.8891102075576782227 1.8486484289169311523 2.2077536582946777344 1.8073886632919311523 1.9757312536239624023 1.752932429313659668 1.9368848800659179688 2.7810120582580566406 3.0168254375457763672 2.5613842010498046875 2.2999346256256103516 1.6147316694259643555 1.5377244949340820312 1.5878680944442749023 1.318040013313293457 1.4095581769943237305 -9999 -9999 -9999 -9999 -9999 -9999 -9999 -9999 -9999 -9999 -9999 -9999 -9999 -9999 -9999 -9999 -9999
11.904895782470703125 7.7245621681213378906 4.2004632949829101562 5.9062323570251464844 9.7818803787231445312 2.8802525997161865234 3.9938075542449951172 7.8555545806884765625 -9999 16.797809600830078125 11.6272735595703125 4.0917782783508300781 3.3461122512817382812 2.9352984428405761719 3.5154321193695068359 3.0011599063873291016 2.0026693344116210938 1.6864131689071655273 1.6051834821701049805 -9999 1.6641668081283569336 1.7544450759887695312 1.7955862283706665039 1.7438549995422363281 1.8455840349197387695 2.0663537979125976562 1.9055472612380981445 1.8898652791976928711 2.3878917694091796875 3.7097184658050537109 4.9068465232849121094 2.8742833137512207031 1.6529431343078613281 1.6818424463272094727 1.6687207221984863281 1.4065320491790771484 1.5479960441589355469 -9999 -9999 -9999 -9999 -9999 -9999 -9999 -9999 -9999 -9999 -9999 -9999 -9999 -9999 -9999 -9999 -9999
7.7023892402648925781 5.7916436195373535156 6.2187824249267578125 8.0484399795532226562 3.4101200103759765625 5.109104156494140625 9.79792022705078125 3.7939863204956054688 8.6978044509887695312 7.5476727485656738281 2.8623666763305664062 3.1356110572814941406 16.100000381469726562 -9999 5.3949232101440429688 2.6994049549102783203 2.0682737827301025391 1.9685666561126708984 1.6275930404663085938 1.73862457275390625 1.8609296083450317383 1.6495252847671508789 1.8092520236968994141 1.815907597541809082 2.0138201713562011719 2.4904577732086181641 -9999 1.9017512798309326172 1.9554576873779296875 2.2942893505096435547 3.0391042232513427734 2.2386221885681152344 2.0955593585968017578 1.6794571876525878906 -9999 -9999 2.5910284519195556641 -9999 -9999 -9999 -9999 -9999 -9999 -9999 -9999 -9999 -9999 -9999 -9999 -9999 -9999 -9999 -9999 -9999
5.8039216995239257812 8.1754388809204101562 10.09050750732421875 8.37359619140625 4.2496886253356933594 7.42856597900390625 4.7822275161743164062 4.6261439323425292969 6.1052861213684082031 4.3587365150451660156 2.8904271125793457031 6.2128071784973144531 7.2891249656677246094 4.4449734687805175781 5.8082151412963867188 6.1472811698913574219 2.4720385074615478516 2.2637076377868652344 1.8327959775924682617 2.0205049514770507812 1.7762334346771240234 1.9571375846862792969 1.6328369379043579102 1.7531818151473999023 1.7930901050567626953 2.1081912517547607422 2.31525421142578125 3.05486297607421875 2.6787712574005126953 1.9775369167327880859 1.8579697608947753906 1.7158271074295043945 -9999 -9999 -9999 -9999 -9999 -9999 -9999 -9999 -9999 -9999 -9999 -9999 -9999 -9999 -9999 -9999 -9999 -9999 -9999 -9999 -9999 -9999
9.657367706298828125 9.5408802032470703125 11.192203521728515625 5.1680746078491210938 4.8951320648193359375 5.089176177978515625 5.9860806465148925781 4.9127969741821289062 5.8510794639587402344 2.5302913188934326172 7.9360761642456054688 9.3287067413330078125 6.2336468696594238281 3.07233428955078125 5.3874101638793945312 2.1780519485473632812 7.8533082008361816406 6.7533078193664550781 4.1295843124389648438 3.8709776401519775391 1.692216038703918457 1.4612145423889160156 2.1248333454132080078 2.1961569786071777344 1.8690303564071655273 2.3995385169982910156 2.4608924388885498047 2.9638924598693847656 2.8703770637512207031 2.7058169841766357422 2.3780207633972167969 -9999 -9999 -9999 -9999 -9999 -9999 -9999 -9999 -9999 -9999 -9999 -9999 -9999 -9999 -9999 -9999 -9999 -9999 -9999 -9999 -9999 -9999 -9999
14.742188453674316406 11.9754638671875 5.7706561088562011719 7.2595648765563964844 14.425151824951171875 7.3153338432312011719 6.6952543258666992188 6.6625361442565917969 2.638217926025390625 4.9300689697265625 4.8148188591003417969 4.945026397705078125 3.7868542671203613281 2.8856406211853027344 2.8855650424957275391 2.8432068824768066406 8.4797582626342773438 7.1610836982727050781 8.9684572219848632812 2.8080112934112548828 1.8021754026412963867 1.7931590080261230469 1.5308825969696044922 1.5154323577880859375 1.610327601432800293 2.1484806537628173828 2.7892048358917236328 3.0390150547027587891 2.8094429969787597656 2.5004329681396484375 1.820589900016784668 2.1907658576965332031 2.206623077392578125 -9999 -9999 -9999 -9999 -9999 -9999 -9999 -9999 -9999 -9999 -9999 -9999 -9999 -9999 -9999 -9999 -9999 -9999 -9999 -9999 -9999
13.670407295227050781 5.6189923286437988281 3.6603677272796630859 10.539272308349609375 12.794973373413085938 11.513031005859375 11.211278915405273438 10.529382705688476562 5.722530364990234375 7.6887302398681640625 5.3097310066223144531 5.3428950309753417969 4.3163142204284667969 6.7132010459899902344 9.9240331649780273438 4.4910030364990234375 4.8268442153930664062 6.0189681053161621094 6.4062523841857910156 2.7924201488494873047 2.6448144912719726562 2.2417795658111572266 1.8671773672103881836 1.7341747283935546875 1.912083745002746582 2.0199704170227050781 1.9856028556823730469 2.1037058830261230469 2.0266740322113037109 1.9820731878280639648 1.990052342414855957 -9999 -9999 -9999 -9999 -9999 -9999 -9999 -9999 -9999 -9999 -9999 -9999 -9999 -9999 -9999 -9999 -9999 -9999 -9999 -9999 -9999 -9999 -9999
13.883576393127441406 11.3040008544921875 3.8955860137939453125 3.4960794448852539062 3.6941797733306884766 4.8132300376892089844 7.5125265121459960938 9.9525938034057617188 6.5388860702514648438 7.6095533370971679688 10.878713607788085938 15.994929313659667969 11.443596839904785156 10.328500747680664062 6.6599636077880859375 4.5431675910949707031 2.4291422367095947266 4.98992919921875 3.9593253135681152344 3.4208703041076660156 6.3521761894226074219 7.547119140625 3.8721215724945068359 2.8199443817138671875 2.9558811187744140625 3.4820494651794433594 2.0311326980590820312 1.9597243070602416992 2.2928242683410644531 2.6264014244079589844 2.7818884849548339844 -9999 -9999 -9999 -9999 -9999 -9999 -9999 -9999 -9999 -9999 -9999 -9999 -9999 -9999 -9999 -9999 -9999 -9999 -9999 -9999 -9999 -9999 -9999
12.787144660949707031 12.781178474426269531 -9999 2.4882714748382568359 3.475811004638671875 2.9994781017303466797 3.8369956016540527344 3.5561623573303222656 5.9851207733154296875 7.5073637962341308594 6.931735992431640625 8.318721771240234375 8.6201038360595703125 4.9478039741516113281 7.6228237152099609375 6.9267802238464355469 3.4483187198638916016 2.5852043628692626953 2.5400843620300292969 2.1802289485931396484 5.3329620361328125 11.217573165893554688 -9999 2.8245983123779296875 11.331931114196777344 9.742069244384765625 2.8681180477142333984 2.3835856914520263672 2.205570220947265625 2.0668110847473144531 2.0724077224731445312 -9999 -9999 -9999 -9999 -9999 -9999 -9999 -9999 -9999 -9999 -9999 -9999 -9999 -9999 -9999 -9999 -9999 -9999 -9999 -9999 -9999 -9999 -9999
4.743221282958984375 4.9055113792419433594 5.0154185295104980469 2.6721630096435546875 2.6450104713439941406 2.4159381389617919922 2.5315577983856201172 2.3796484470367431641 4.5548615455627441406 6.6993093490600585938 5.1565380096435546875 6.1980519294738769531 4.1909694671630859375 7.0590386390686035156 7.2354445457458496094 7.2065305709838867188 4.0209178924560546875 2.7522757053375244141 1.9993170499801635742 2.0609450340270996094 4.66437530517578125 10.640253067016601562 8.81211090087890625 2.9586176872253417969 4.0523629188537597656 2.2542736530303955078 5.0235409736633300781 3.3836109638214111328 3.8708329200744628906 3.0233161449432373047 3.8866298198699951172 -9999 -9999 -9999 -9999 -9999 -9999 -9999 -9999 -9999 -9999 -9999 -9999 -9999 -9999 -9999 -9999 -9999 -9999 -9999 -9999 -9999 -9999 -9999
2.8527085781097412109 3.2555441856384277344 2.7407619953155517578 2.8147764205932617188 4.5818738937377929688 3.9143702983856201172 4.2768530845642089844 3.2432963848114013672 2.7344400882720947266 3.8914508819580078125 5.4442596435546875 6.5666327476501464844 3.8979218006134033203 8.1029071807861328125 6.520427703857421875 3.8828630447387695312 5.5328030586242675781 4.313091278076171875 2.9435865879058837891 1.9755721092224121094 2.6520905494689941406 4.9024538993835449219 7.4280714988708496094 5.8207049369812011719 4.1872086524963378906 5.1853861808776855469 4.6548972129821777344 10.370830535888671875 11.73358917236328125 11.471598625183105469 6.0153346061706542969 -9999 -9999 -9999 -9999 -9999 -9999 -9999 -9999 -9999 -9999 -9999 -9999 -9999 -9999 -9999 -9999 -9999 -9999 -9999 -9999 -9999 -9999 -9999
7.1506776809692382812 2.5665533542633056641 4.6093649864196777344 3.6664106845855712891 7.0301012992858886719 5.2969374656677246094 2.3009061813354492188 3.4730203151702880859 3.3217289447784423828 5.2431650161743164062 4.5124859809875488281 5.800785064697265625 4.5890560150146484375 3.0258536338806152344 3.9306414127349853516 2.3794960975646972656 4.3144216537475585938 8.05303192138671875 8.0764408111572265625 4.4542222023010253906 1.9844594001770019531 2.4993224143981933594 6.2787990570068359375 4.7977085113525390625 11.734265327453613281 7.6788382530212402344 5.82988739013671875 2.2152230739593505859 7.5248537063598632812 4.8154826164245605469 5.5812625885009765625 -9999 -9999 -9999 -9999 -9999 -9999 -9999 -9999 -9999 -9999 -9999 -9999 -9999 -9999 -9999 -9999 -9999 -9999 -9999 -9999 -9999 -9999 -9999
3.2610321044921875 2.3517360687255859375 4.0231456756591796875 2.6627790927886962891 6.7184772491455078125 3.8187994956970214844 2.1645445823669433594 3.2455279827117919922 4.7726321220397949219 5.2317132949829101562 6.1457667350769042969 3.1975567340850830078 3.5181450843811035156 5.621753692626953125 3.1198410987854003906 7.2575297355651855469 4.9193878173828125 5.4570369720458984375 3.8575868606567382812 2.9866945743560791016 2.1299967765808105469 2.7987840175628662109 1.9668215513229370117 3.2981991767883300781 6.2126703262329101562 11.033237457275390625 10.068608283996582031 2.7257215976715087891 3.6851727962493896484 5.7788286209106445312 6.6004395484924316406 3.2449283599853515625 6.5682034492492675781 9.73262786865234375 11.794218063354492188 -9999 -9999 -9999 -9999 -9999 -9999 -9999 -9999 -9999 -9999 -9999 -9999 -9999 -9999 -9999 -9999 -9999 -9999 -9999
6.4462580680847167969 7.2981367111206054688 2.1594078540802001953 2.3936381340026855469 2.28524017333984375 2.2951793670654296875 2.7915630340576171875 4.8992886543273925781 12.655908584594726562 10.083868026733398438 9.1976194381713867188 2.7160689830780029297 12.286376953125 9.5418376922607421875 6.2051777839660644531 9.3989229202270507812 9.2263336181640625 9.9541950225830078125 9.4237890243530273438 5.5901861190795898438 3.5551979541778564453 2.0530722141265869141 2.9629070758819580078 1.9841527938842773438 2.7444932460784912109 5.2059159278869628906 12.335459709167480469 4.3824701309204101562 5.6751737594604492188 7.0436596870422363281 6.4893903732299804688 7.405269622802734375 7.321380615234375 11.056181907653808594 -9999 -9999 -9999 -9999 -9999 -9999 -9999 -9999 -9999 -9999 -9999 -9999 -9999 -9999 -9999 -9999 -9999 -9999 -9999 -9999
2.9001860618591308594 2.2892806529998779297 2.0529468059539794922 2.7704477310180664062 4.0313057899475097656 3.1625626087188720703 4.6563048362731933594 8.4102926254272460938 8.5490198135375976562 10.092432975769042969 2.4489719867706298828 4.3829598426818847656 7.7467174530029296875 9.0304365158081054688 5.01398468017578125 5.427898406982421875 5.1420660018920898438 5.183681488037109375 4.7241621017456054688 4.180377960205078125 2.9405660629272460938 4.0977849960327148438 2.5024158954620361328 4.4968509674072265625 2.5317862033843994141 4.9500141143798828125 6.5168366432189941406 13.288137435913085938 8.3012752532958984375 7.1271939277648925781 7.7500538825988769531 4.8319296836853027344 7.3528013229370117188 -9999 -9999 -9999 -9999 -9999 -9999 -9999 -9999 -9999 -9999 -9999 -9999 -9999 -9999 -9999 -9999 -9999 -9999 -9999 -9999 -9999
