data/germany/gwl-mean_1000_25832_etrs89-utm32.asc
ncols        283
nrows        287
xllcorner    640492.098854022799
yllcorner    5679606.173605500720
cellsize     1000.000000000000
NODATA_value  -9999
[rows 192 to 215 of 287, columns 108 to 161 of 283]
5.9007210731506347656 9.2475070953369140625 12.253330230712890625 11.377824783325195312 8.8778295516967773438 10.81473541259765625 14.590880393981933594 17.435548782348632812 17.60253143310546875 22.290727615356445312 16.555438995361328125 15.35750579833984375 13.632498741149902344 12.240969657897949219 14.5072174072265625 14.606225013732910156 12.151521682739257812 5.2354044914245605469 10.131022453308105469 21.933963775634765625 15.344305038452148438 10.953803062438964844 17.522800445556640625 16.82662200927734375 15.967036247253417969 13.208932876586914062 8.1482896804809570312 3.905185699462890625 3.1754901409149169922 8.618900299072265625 1.8859496116638183594 2.079410552978515625 2.814739227294921875 2.5230033397674560547 5.2521300315856933594 5.2521300315856933594 6.0057082176208496094 13.907820701599121094 11.697145462036132812 6.0932855606079101562 4.0801091194152832031 3.8251459598541259766 3.9456686973571777344 3.75432586669921875 4.129119873046875 4.3607707023620605469 8.2010869979858398438 2.78432464599609375 2.9632673263549804688 3.4138150215148925781 3.7843084335327148438 6.2536349296569824219 5.8613581657409667969 5.7056565284729003906
11.045125961303710938 13.087346076965332031 18.551837921142578125 14.069540023803710938 10.044873237609863281 9.6241016387939453125 17.318445205688476562 12.743244171142578125 17.33132171630859375 18.696989059448242188 32.3680572509765625 36.3821868896484375 15.609907150268554688 12.856553077697753906 13.741457939147949219 15.008441925048828125 15.959592819213867188 8.09763336181640625 11.514437675476074219 17.606893539428710938 15.904229164123535156 18.332019805908203125 18.2803802490234375 14.60378265380859375 16.619213104248046875 10.810793876647949219 5.9486951828002929688 5.1767258644104003906 5.2849926948547363281 2.2756726741790771484 2.2756726741790771484 2.1859419345855712891 1.9690682888031005859 2.0213994979858398438 2.6084208488464355469 8.3442163467407226562 5.2433896064758300781 12.756410598754882812 10.449402809143066406 9.4318914413452148438 6.1790528297424316406 5.8635907173156738281 6.9709682464599609375 8.6140565872192382812 8.4092035293579101562 4.3684010505676269531 3.3251171112060546875 5.0902476310729980469 7.0816583633422851562 8.7996273040771484375 6.3971362113952636719 10.41780853271484375 9.6412067413330078125 11.043050765991210938
12.876107215881347656 19.112972259521484375 25.209310531616210938 18.397747039794921875 13.004621505737304688 13.2673797607421875 18.3673553466796875 22.117565155029296875 13.642255783081054688 19.55054473876953125 25.150705337524414062 30.653894424438476562 31.623968124389648438 15.295644760131835938 14.745314598083496094 10.735346794128417969 13.343614578247070312 13.322136878967285156 6.7158885002136230469 9.3522586822509765625 9.3920612335205078125 9.8465785980224609375 14.313382148742675781 15.319642066955566406 15.995687484741210938 15.995687484741210938 15.223558425903320312 13.083898544311523438 9.9543218612670898438 5.2479701042175292969 3.1404032707214355469 3.7494723796844482422 2.0874080657958984375 2.027149200439453125 2.8294086456298828125 11.940005302429199219 6.081058502197265625 9.664119720458984375 13.220564842224121094 15.655989646911621094 8.7073497772216796875 6.5381593704223632812 9.6392889022827148438 16.833423614501953125 21.276880264282226562 6.7596435546875 6.6296324729919433594 9.4228153228759765625 13.098791122436523438 17.431329727172851562 10.363582611083984375 10.4253082275390625 13.43410491943359375 13.811036109924316406
15.933716773986816406 38.581451416015625 42.10672760009765625 38.247470855712890625 35.907657623291015625 16.040410995483398438 23.451452255249023438 20.370405197143554688 19.171823501586914062 20.379146575927734375 18.083522796630859375 13.360029220581054688 11.676133155822753906 10.323690414428710938 15.748569488525390625 14.784584999084472656 8.9033212661743164062 8.1236934661865234375 7.7230243682861328125 8.8118047714233398438 8.8118047714233398438 9.6880693435668945312 14.356455802917480469 15.229633331298828125 14.275629997253417969 14.164045333862304688 12.218532562255859375 16.083101272583007812 13.129248619079589844 5.30266571044921875 3.9465997219085693359 5.0366139411926269531 3.8698678016662597656 2.5047631263732910156 2.5839357376098632812 9.2961359024047851562 14.054375648498535156 12.849263191223144531 14.885916709899902344 18.02307891845703125 13.969132423400878906 8.5106658935546875 9.2086477279663085938 14.610404014587402344 15.41461181640625 10.222880363464355469 9.3883485794067382812 11.097531318664550781 12.743925094604492188 17.566888809204101562 15.720383644104003906 19.195331573486328125 13.512571334838867188 22.570100784301757812
35.857631683349609375 32.94733428955078125 27.421579360961914062 29.2552490234375 27.2076263427734375 21.864238739013671875 22.110433578491210938 35.86894989013671875 25.213878631591796875 27.396907806396484375 28.223781585693359375 22.55202484130859375 22.633068084716796875 15.657509803771972656 12.898538589477539062 12.898538589477539062 12.653593063354492188 9.7209835052490234375 9.8360185623168945312 12.756048202514648438 10.117346763610839844 9.7463235855102539062 9.4133462905883789062 14.062460899353027344 9.6594419479370117188 12.335554122924804688 12.625418663024902344 11.341740608215332031 6.0090932846069335938 5.4034829139709472656 6.2317786216735839844 8.6841592788696289062 8.6151885986328125 6.8001346588134765625 2.6740851402282714844 3.9708578586578369141 9.2120218276977539062 8.8044910430908203125 15.080760955810546875 14.695807456970214844 12.640349388122558594 13.926898002624511719 15.902990341186523438 14.527737617492675781 16.733295440673828125 16.898647308349609375 22.350376129150390625 9.7398166656494140625 11.0690155029296875 18.570226669311523438 33.976047515869140625 30.89127349853515625 29.898550033569335938 41.451305389404296875
29.785037994384765625 28.003561019897460938 -9999 -9999 -9999 26.66304779052734375 28.63364410400390625 25.998748779296875 26.548877716064453125 22.504791259765625 22.504791259765625 25.7508697509765625 24.61236572265625 22.18221282958984375 33.643230438232421875 17.813222885131835938 14.900059700012207031 15.347179412841796875 16.124177932739257812 17.257219314575195312 17.1920928955078125 16.916454315185546875 8.4229421615600585938 9.1402101516723632812 9.439727783203125 15.387394905090332031 14.496080398559570312 12.550997734069824219 12.7479705810546875 7.1198935508728027344 -9999 -9999 10.55075836181640625 10.736764907836914062 2.7943329811096191406 3.8276083469390869141 3.0297985076904296875 5.6600031852722167969 10.416176795959472656 15.6502227783203125 13.902064323425292969 14.161714553833007812 14.280383110046386719 14.088150978088378906 12.657780647277832031 14.233615875244140625 16.185567855834960938 15.748392105102539062 16.225311279296875 16.336603164672851562 28.532482147216796875 29.174036026000976562 23.65001678466796875 36.641788482666015625
28.216684341430664062 21.216981887817382812 -9999 -9999 -9999 -9999 -9999 -9999 19.529275894165039062 24.017070770263671875 19.684722900390625 23.04549407958984375 22.906158447265625 24.503023147583007812 25.476194381713867188 29.425539016723632812 17.898172378540039062 17.079179763793945312 16.038263320922851562 17.99466705322265625 15.5678863525390625 10.498339653015136719 8.5417852401733398438 6.7335305213928222656 7.6856937408447265625 12.081005096435546875 13.217215538024902344 11.990689277648925781 12.207007408142089844 13.609914779663085938 6.4110932350158691406 4.1512904167175292969 3.5702662467956542969 2.7722470760345458984 3.6926898956298828125 8.5248994827270507812 8.2605800628662109375 7.3072156906127929688 8.3186140060424804688 9.2041883468627929688 8.4566860198974609375 7.4480967521667480469 8.0660562515258789062 8.9933910369873046875 12.395564079284667969 13.089383125305175781 13.41820526123046875 14.597040176391601562 15.373745918273925781 29.486881256103515625 30.856554031372070312 15.199954986572265625 16.880590438842773438 18.2826995849609375
-9999 -9999 -9999 -9999 -9999 -9999 -9999 -9999 14.948758125305175781 23.908306121826171875 16.966825485229492188 19.440587997436523438 19.359622955322265625 19.665889739990234375 18.650644302368164062 16.36511993408203125 16.829298019409179688 16.946796417236328125 16.57379150390625 18.5827789306640625 16.838977813720703125 9.9632415771484375 8.6850795745849609375 6.90761566162109375 5.8308634757995605469 5.7610545158386230469 12.100180625915527344 14.819845199584960938 13.919980049133300781 7.0962686538696289062 4.8687696456909179688 4.9814939498901367188 3.0943939685821533203 3.7618124485015869141 6.4562854766845703125 14.836901664733886719 14.405276298522949219 8.7929239273071289062 10.289334297180175781 10.060021400451660156 14.840321540832519531 13.245677947998046875 16.38355255126953125 16.356466293334960938 -9999 14.936966896057128906 14.130282402038574219 15.817407608032226562 18.215917587280273438 31.825468063354492188 29.237737655639648438 16.744012832641601562 12.533709526062011719 13.094473838806152344
23.339267730712890625 -9999 -9999 -9999 -9999 -9999 -9999 -9999 -9999 -9999 -9999 16.970127105712890625 19.867181777954101562 18.880718231201171875 18.030893325805664062 15.4728546142578125 13.644895553588867188 15.732837677001953125 14.559918403625488281 13.000437736511230469 16.510889053344726562 16.306453704833984375 9.3348932266235351562 11.575551986694335938 6.2507681846618652344 5.0233607292175292969 5.6034264564514160156 11.912296295166015625 7.1033964157104492188 6.2818727493286132812 8.3217248916625976562 12.709384918212890625 9.9639902114868164062 3.7206108570098876953 9.6486968994140625 15.890333175659179688 17.641834259033203125 8.5535297393798828125 15.107424736022949219 12.134042739868164062 9.4569339752197265625 15.961450576782226562 23.091526031494140625 22.136150360107421875 15.816973686218261719 12.6085357666015625 13.420323371887207031 13.988008499145507812 18.530286788940429688 32.08023834228515625 33.09140777587890625 25.44971466064453125 15.52754974365234375 12.508825302124023438
-9999 -9999 -9999 -9999 -9999 -9999 -9999 -9999 -9999 -9999 -9999 14.535859107971191406 15.362545013427734375 16.318513870239257812 17.938968658447265625 18.222368240356445312 13.746285438537597656 11.949864387512207031 11.66851806640625 10.351514816284179688 18.225460052490234375 15.596537590026855469 10.790063858032226562 8.3475561141967773438 7.5278115272521972656 10.319764137268066406 12.368421554565429688 4.1969270706176757812 4.0877890586853027344 3.5557985305786132812 3.3087141513824462891 10.458477020263671875 3.2671439647674560547 3.9619526863098144531 17.080312728881835938 16.62757110595703125 17.772020339965820312 8.392353057861328125 9.7007312774658203125 9.157772064208984375 10.355383872985839844 15.641913414001464844 19.47870635986328125 15.813348770141601562 14.952894210815429688 10.3406524658203125 14.220685005187988281 14.868445396423339844 17.153102874755859375 17.584188461303710938 20.510965347290039062 18.062250137329101562 16.889373779296875 12.336634635925292969
-9999 -9999 -9999 -9999 -9999 -9999 -9999 -9999 -9999 -9999 -9999 -9999 17.074031829833984375 19.691469192504882812 19.406192779541015625 18.210454940795898438 14.13729095458984375 13.287549018859863281 16.04869842529296875 11.700475692749023438 12.296469688415527344 11.865555763244628906 9.7704601287841796875 6.154872894287109375 5.1543588638305664062 6.9994707107543945312 19.041400909423828125 10.826802253723144531 4.2115569114685058594 3.9091084003448486328 4.5534672737121582031 3.8775949478149414062 4.7332777976989746094 9.5212736129760742188 15.107323646545410156 15.796144485473632812 8.4893865585327148438 10.268219947814941406 13.474550247192382812 9.1520709991455078125 9.0811338424682617188 17.4766693115234375 19.14504241943359375 14.045758247375488281 9.88196563720703125 9.3564205169677734375 12.961452484130859375 14.740712165832519531 13.824704170227050781 16.67421722412109375 17.538206100463867188 17.261869430541992188 15.015962600708007812 13.164132118225097656
-9999 -9999 -9999 -9999 -9999 -9999 -9999 -9999 -9999 -9999 -9999 -9999 -9999 19.900226593017578125 19.531911849975585938 -9999 -9999 16.950307846069335938 13.208792686462402344 10.245358467102050781 8.6844739913940429688 6.8042116165161132812 5.8897337913513183594 5.1343264579772949219 8.962398529052734375 14.501516342163085938 -9999 12.298215866088867188 11.710527420043945312 9.584381103515625 10.734747886657714844 5.1651396751403808594 4.2804088592529296875 5.5553369522094726562 5.5119786262512207031 10.421303749084472656 7.6257109642028808594 10.002055168151855469 12.773210525512695312 9.7571878433227539062 10.022428512573242188 10.965842247009277344 14.037151336669921875 10.836488723754882812 10.249796867370605469 12.136974334716796875 8.8991041183471679688 13.230466842651367188 14.411894798278808594 11.454265594482421875 12.300764083862304688 9.51682281494140625 7.6635675430297851562 8.74790191650390625
-9999 -9999 -9999 -9999 -9999 -9999 -9999 -9999 -9999 -9999 -9999 -9999 -9999 -9999 -9999 -9999 -9999 -9999 11.4970855712890625 15.511486053466796875 13.887234687805175781 -9999 -9999 -9999 12.606802940368652344 13.369367599487304688 14.280833244323730469 5.8570618629455566406 10.80844879150390625 12.584111213684082031 10.602004051208496094 5.7846369743347167969 6.7168774604797363281 15.857579231262207031 5.0354332923889160156 7.8079462051391601562 12.318372726440429688 11.007977485656738281 13.779447555541992188 16.295248031616210938 20.465051651000976562 10.206844329833984375 13.434167861938476562 11.934842109680175781 9.8396434783935546875 9.4615802764892578125 10.44008636474609375 10.204354286193847656 14.553798675537109375 15.48412322998046875 14.165675163269042969 12.237692832946777344 11.091357231140136719 6.2254080772399902344
-9999 -9999 -9999 -9999 -9999 -9999 -9999 -9999 -9999 -9999 -9999 -9999 -9999 -9999 -9999 -9999 -9999 -9999 16.507146835327148438 13.954030036926269531 14.715966224670410156 -9999 -9999 -9999 -9999 13.464847564697265625 13.739217758178710938 7.3839116096496582031 5.9292073249816894531 11.350672721862792969 10.456400871276855469 5.1930875778198242188 11.292203903198242188 12.766085624694824219 10.688576698303222656 6.9805045127868652344 9.6217107772827148438 16.396127700805664062 13.716193199157714844 13.044000625610351562 12.627298355102539062 13.252162933349609375 13.144925117492675781 15.200300216674804688 9.3337831497192382812 13.094525337219238281 15.570425987243652344 12.552700042724609375 13.417868614196777344 15.080829620361328125 13.800754547119140625 11.157457351684570312 13.089666366577148438 14.261281013488769531
-9999 -9999 -9999 -9999 -9999 -9999 -9999 -9999 -9999 -9999 -9999 -9999 -9999 -9999 -9999 -9999 -9999 -9999 -9999 -9999 -9999 -9999 -9999 -9999 -9999 12.9516143798828125 13.873830795288085938 6.6773962974548339844 3.8094780445098876953 8.36786651611328125 9.4567546844482421875 7.5750288963317871094 7.9192638397216796875 10.54198455810546875 8.94628143310546875 8.61531829833984375 10.503362655639648438 12.4947509765625 10.914804458618164062 10.239809989929199219 14.697637557983398438 13.934697151184082031 13.710684776306152344 17.538349151611328125 12.879509925842285156 10.710988044738769531 17.001983642578125 13.877045631408691406 10.631571769714355469 12.262006759643554688 13.701623916625976562 13.701623916625976562 9.2942533493041992188 8.7094678878784179688
-9999 -9999 -9999 -9999 -9999 -9999 -9999 -9999 -9999 -9999 -9999 -9999 -9999 -9999 -9999 -9999 -9999 -9999 -9999 -9999 -9999 -9999 -9999 -9999 -9999 -9999 10.784746170043945312 5.5991773605346679688 6.0851149559020996094 6.9225707054138183594 6.6786060333251953125 8.5716924667358398438 12.348169326782226562 9.0607824325561523438 10.207635879516601562 15.403857231140136719 9.2320222854614257812 8.9848785400390625 11.978356361389160156 14.282149314880371094 14.683012962341308594 13.226657867431640625 10.684751510620117188 15.597931861877441406 17.8013458251953125 10.037386894226074219 18.959774017333984375 18.959774017333984375 15.396677017211914062 9.41545867919921875 8.8243894577026367188 14.259245872497558594 13.374228477478027344 10.746669769287109375
-9999 -9999 -9999 -9999 -9999 -9999 -9999 -9999 -9999 -9999 -9999 -9999 -9999 -9999 -9999 -9999 -9999 -9999 -9999 -9999 -9999 -9999 -9999 -9999 -9999 -9999 10.724224090576171875 4.7457685470581054688 6.6326613426208496094 4.3577246665954589844 8.180927276611328125 12.334491729736328125 14.995557785034179688 12.622662544250488281 13.247265815734863281 14.124442100524902344 12.446992874145507812 8.8606309890747070312 13.483939170837402344 14.56109619140625 14.512328147888183594 10.206796646118164062 10.206796646118164062 7.6019611358642578125 16.82282257080078125 17.686689376831054688 13.9178009033203125 8.2613954544067382812 12.89208984375 9.970428466796875 6.4342598915100097656 6.1920132637023925781 9.3935384750366210938 5.0465664863586425781
-9999 -9999 -9999 -9999 -9999 -9999 -9999 -9999 -9999 -9999 -9999 -9999 -9999 -9999 -9999 -9999 -9999 -9999 -9999 -9999 -9999 -9999 -9999 -9999 -9999 -9999 -9999 -9999 -9999 -9999 9.8755550384521484375 11.073896408081054688 12.69094085693359375 13.528913497924804688 10.639546394348144531 13.448633193969726562 9.0122127532958984375 10.406920433044433594 10.406920433044433594 13.207325935363769531 14.58106231689453125 15.030324935913085938 11.90535736083984375 6.4213237762451171875 10.440789222717285156 18.254125595092773438 15.79925537109375 7.4690828323364257812 14.319190025329589844 15.412911415100097656 6.1428818702697753906 3.1725783348083496094 5.128887176513671875 3.4449491500854492188
-9999 -9999 -9999 -9999 -9999 -9999 -9999 -9999 -9999 -9999 -9999 -9999 -9999 -9999 -9999 -9999 -9999 -9999 -9999 -9999 -9999 -9999 -9999 -9999 -9999 -9999 -9999 -9999 -9999 -9999 -9999 8.535991668701171875 12.4854278564453125 9.9624414443969726562 9.9547061920166015625 9.9547061920166015625 8.4668521881103515625 -9999 13.875702857971191406 10.042601585388183594 12.853002548217773438 15.061391830444335938 13.563994407653808594 9.1779575347900390625 6.7283749580383300781 15.667281150817871094 14.465165138244628906 7.4505734443664550781 16.557607650756835938 13.504971504211425781 12.542989730834960938 4.7024827003479003906 16.659267425537109375 9.5563402175903320312
-9999 -9999 -9999 -9999 -9999 -9999 -9999 -9999 -9999 -9999 -9999 -9999 -9999 -9999 -9999 -9999 -9999 -9999 -9999 -9999 -9999 -9999 -9999 -9999 -9999 -9999 -9999 -9999 -9999 -9999 12.617680549621582031 12.617680549621582031 11.237097740173339844 9.8767709732055664062 9.1040496826171875 9.5621061325073242188 -9999 -9999 -9999 8.9261264801025390625 10.794688224792480469 11.52783203125 7.2968516349792480469 6.7660746574401855469 12.415123939514160156 6.6147046089172363281 5.035430908203125 5.9350576400756835938 6.6350774765014648438 7.9814014434814453125 5.6692767143249511719 8.9228258132934570312 9.3862094879150390625 10.094197273254394531
-9999 -9999 -9999 -9999 -9999 -9999 -9999 -9999 -9999 -9999 -9999 -9999 -9999 -9999 -9999 -9999 -9999 -9999 -9999 -9999 -9999 -9999 -9999 -9999 -9999 -9999 -9999 -9999 -9999 -9999 -9999 -9999 8.8453550338745117188 8.3391094207763671875 -9999 -9999 -9999 -9999 -9999 9.0634355545043945312 6.7391901016235351562 6.4389462471008300781 7.2120566368103027344 6.5346074104309082031 12.05712890625 9.039703369140625 8.7618408203125 2.6280188560485839844 3.9856276512145996094 4.3570795059204101562 5.0760698318481445312 9.8991785049438476562 11.086148262023925781 6.3776755332946777344
-9999 -9999 -9999 -9999 -9999 -9999 -9999 -9999 -9999 -9999 -9999 -9999 -9999 -9999 -9999 -9999 -9999 -9999 -9999 -9999 -9999 -9999 -9999 -9999 -9999 -9999 -9999 -9999 -9999 -9999 -9999 -9999 -9999 -9999 -9999 -9999 -9999 11.078470230102539062 13.181893348693847656 7.3986606597900390625 5.2707738876342773438 6.1523518562316894531 6.3263297080993652344 6.8282246589660644531 9.4059076309204101562 13.29688262939453125 5.7167630195617675781 3.1799955368041992188 2.4917931556701660156 2.4464566707611083984 4.2769198417663574219 7.1704621315002441406 8.3308506011962890625 4.9731855392456054688
-9999 -9999 -9999 -9999 -9999 -9999 -9999 -9999 -9999 -9999 -9999 -9999 -9999 -9999 -9999 -9999 -9999 -9999 -9999 -9999 -9999 -9999 -9999 -9999 -9999 -9999 -9999 -9999 -9999 -9999 -9999 -9999 -9999 -9999 -9999 -9999 -9999 -9999 8.5171537399291992188 4.3294763565063476562 7.0941724777221679688 6.2312951087951660156 5.9412717819213867188 5.9956188201904296875 6.0896053314208984375 6.2700104713439941406 4.1807112693786621094 2.7209353446960449219 2.1992242336273193359 2.2807762622833251953 3.5156278610229492188 8.8897867202758789062 5.5803856849670410156 2.5634837150573730469
-9999 -9999 -9999 -9999 -9999 -9999 -9999 -9999 -9999 -9999 -9999 -9999 -9999 -9999 -9999 -9999 -9999 -9999 -9999 -9999 -9999 -9999 -9999 -9999 -9999 -9999 -9999 -9999 -9999 -9999 -9999 -9999 -9999 -9999 -9999 -9999 -9999 -9999 8.0359172821044921875 7.2559118270874023438 6.889644622802734375 6.3114337921142578125 6.5265536308288574219 5.3439898490905761719 2.9220621585845947266 3.6087393760681152344 2.7439935207366943359 2.8234326839447021484 3.2751231193542480469 2.7053041458129882812 2.9341075420379638672 2.3634884357452392578 2.4727692604064941406 3.2479145526885986328
