data/germany/gwl-min_1000_25832_etrs89-utm32.asc
ncols        283
nrows        287
xllcorner    640492.098854022799
yllcorner    5679606.173605500720
cellsize     1000.000000000000
NODATA_value  -9999
[rows 120 to 143 of 287, columns 54 to 107 of 283]
-9999 -9999 -9999 -9999 -9999 -9999 -9999 -9999 -9999 -9999 -9999 -9999 -9999 -9999 -9999 -9999 -9999 -9999 -9999 -9999 -9999 -9999 -9999 1.9963943958282470703 2.0883326530456542969 1.9916647672653198242 3.3275346755981445312 5.5145573616027832031 2.6288435459136962891 1.1614611148834228516 1.7878779172897338867 2.2588822841644287109 3.6747672557830810547 8.2731599807739257812 4.106292724609375 3.5048546791076660156 2.8770861625671386719 1.6819732189178466797 1.4234659671783447266 1.4376046657562255859 3.0811734199523925781 3.8572647571563720703 3.9009444713592529297 11.959920883178710938 12.422903060913085938 8.7841501235961914062 6.9189653396606445312 10.720903396606445312 5.2248215675354003906 9.6394481658935546875 10.464281082153320312 8.7224531173706054688 4.9563426971435546875 1.8487926721572875977
-9999 -9999 -9999 -9999 -9999 -9999 -9999 -9999 -9999 -9999 -9999 -9999 -9999 -9999 -9999 -9999 -9999 -9999 -9999 -9999 -9999 -9999 -9999 -9999 1.9331797361373901367 1.8186358213424682617 2.7865455150604248047 2.813587188720703125 2.3237860202789306641 1.3518189191818237305 1.7885115146636962891 5.700000762939453125 9.1862382888793945312 7.5505528450012207031 4.0193438529968261719 2.0185604095458984375 1.6970515251159667969 3.3520960807800292969 1.3685088157653808594 1.6177432537078857422 1.5840137004852294922 2.0533130168914794922 2.6246893405914306641 3.4613621234893798828 4.8673610687255859375 3.6559882164001464844 8.3708705902099609375 11.730662345886230469 4.7165198326110839844 12.256869316101074219 9.1230220794677734375 10.322193145751953125 6.1481842994689941406 2.9701430797576904297
-9999 -9999 -9999 -9999 -9999 -9999 -9999 -9999 -9999 -9999 -9999 -9999 -9999 -9999 -9999 -9999 -9999 -9999 -9999 -9999 -9999 -9999 -9999 -9999 1.6016314029693603516 1.6997461318969726562 1.6218652725219726562 1.500743865966796875 1.9498444795608520508 1.8977493047714233398 1.8234827518463134766 6.8076643943786621094 8.47402191162109375 7.8420801162719726562 3.9663941860198974609 1.5297636985778808594 2.0076441764831542969 1.975911259651184082 2.7240962982177734375 6.1811900138854980469 3.3756089210510253906 4.0080585479736328125 2.0378670692443847656 2.4739735126495361328 3.3125355243682861328 4.2904634475708007812 13.512764930725097656 6.5834765434265136719 3.8368046283721923828 5.7534475326538085938 9.2842845916748046875 12.02271270751953125 11.722653388977050781 4.5284705162048339844
-9999 -9999 -9999 -9999 -9999 -9999 -9999 -9999 -9999 -9999 -9999 -9999 -9999 -9999 -9999 -9999 -9999 -9999 -9999 -9999 -9999 -9999 -9999 -9999 1.4874501228332519531 1.3859820365905761719 1.4579007625579833984 1.7120556831359863281 2.1922833919525146484 1.4542837142944335938 1.771157383918762207 3.9123089313507080078 8.8981409072875976562 7.5344386100769042969 1.9394544363021850586 1.4917522668838500977 2.0772619247436523438 2.6887323856353759766 5.2593364715576171875 11.384648323059082031 9.2095403671264648438 5.4852142333984375 2.3608465194702148438 3.3504657745361328125 3.6830413341522216797 9.1512355804443359375 9.3311510086059570312 4.0400400161743164062 3.6630661487579345703 3.5823628902435302734 6.1164851188659667969 12.431464195251464844 7.6760110855102539062 2.5082821846008300781
-9999 -9999 -9999 -9999 -9999 -9999 -9999 -9999 -9999 -9999 -9999 -9999 -9999 -9999 -9999 -9999 -9999 -9999 -9999 -9999 -9999 -9999 -9999 -9999 1.7721482515335083008 2.0271544456481933594 1.7013463973999023438 1.4524543285369873047 1.2913906574249267578 1.4062837362289428711 1.2534463405609130859 1.9977020025253295898 3.3296172618865966797 3.0963389873504638672 1.6066846847534179688 1.3592799901962280273 2.7290544509887695312 3.6773188114166259766 9.8843479156494140625 8.0256071090698242188 8.5772705078125 9.7066802978515625 2.9569211006164550781 2.8795986175537109375 7.643978118896484375 3.7574121952056884766 3.9358229637145996094 4.1548433303833007812 3.4394397735595703125 3.6566414833068847656 5.9973731040954589844 8.9475536346435546875 3.5882055759429931641 2.0105080604553222656
-9999 -9999 -9999 -9999 -9999 -9999 -9999 -9999 -9999 -9999 -9999 -9999 -9999 -9999 -9999 -9999 -9999 -9999 -9999 -9999 -9999 -9999 -9999 -9999 -9999 5.2717585563659667969 3.1695907115936279297 1.7043755054473876953 1.9455556869506835938 1.4305573701858520508 1.0718854665756225586 1.9384627342224121094 1.4232119321823120117 1.1950697898864746094 1.3365770578384399414 1.4551460742950439453 3.4302642345428466797 5.6973490715026855469 8.057392120361328125 6.4478888511657714844 3.0891108512878417969 7.1582727432250976562 7.9099225997924804688 4.3869748115539550781 6.2453579902648925781 3.2671260833740234375 3.2785882949829101562 5.2513055801391601562 3.1876401901245117188 5.9561762809753417969 9.2659311294555664062 8.3656663894653320312 3.0538206100463867188 2.5051031112670898438
-9999 -9999 -9999 -9999 -9999 -9999 -9999 -9999 -9999 -9999 -9999 -9999 -9999 -9999 -9999 -9999 -9999 -9999 -9999 -9999 -9999 -9999 -9999 -9999 -9999 2.3909337520599365234 3.5756139755249023438 3.7099635601043701172 4.123630523681640625 2.2017264366149902344 1.7298874855041503906 1.6135479211807250977 1.3054505586624145508 1.3497140407562255859 1.4605344533920288086 1.3594014644622802734 2.2020788192749023438 7.9680838584899902344 1.9890613555908203125 2.0779230594635009766 3.0840966701507568359 8.0662088394165039062 8.2892904281616210938 2.6984879970550537109 3.5353300571441650391 8.3229875564575195312 5.8515863418579101562 3.07268524169921875 2.7777700424194335938 4.6752762794494628906 11.628148078918457031 7.1461901664733886719 2.1764757633209228516 6.9685254096984863281
-9999 -9999 -9999 -9999 -9999 -9999 -9999 -9999 -9999 -9999 -9999 -9999 -9999 -9999 -9999 -9999 -9999 -9999 -9999 -9999 -9999 -9999 -9999 -9999 -9999 -9999 3.3357007503509521484 8.4270982742309570312 12.090272903442382812 7.7818241119384765625 3.6316847801208496094 1.7984874248504638672 1.4801974296569824219 1.3923412561416625977 1.8957674503326416016 1.4227948188781738281 1.6996961832046508789 1.9748440980911254883 3.6402981281280517578 1.8601952791213989258 2.4888250827789306641 4.1818485260009765625 7.1006135940551757812 3.2306303977966308594 2.1801271438598632812 10.354244232177734375 8.2932958602905273438 4.0916614532470703125 2.4582555294036865234 5.0740351676940917969 3.0289304256439208984 2.5180506706237792969 3.4191527366638183594 5.8200268745422363281
-9999 -9999 -9999 -9999 -9999 -9999 -9999 -9999 -9999 -9999 -9999 -9999 -9999 -9999 -9999 -9999 -9999 -9999 -9999 -9999 -9999 -9999 -9999 -9999 -9999 -9999 13.337941169738769531 11.639461517333984375 11.272185325622558594 7.5506558418273925781 6.8380832672119140625 1.7787505388259887695 1.2091404199600219727 1.7735357284545898438 1.3581230640411376953 1.5097844600677490234 -9999 2.1797864437103271484 6.6704230308532714844 2.3806819915771484375 3.4779598712921142578 5.5461001396179199219 15.082739830017089844 4.4390778541564941406 2.1130135059356689453 3.3323862552642822266 3.2392432689666748047 5.6658658981323242188 2.6195034980773925781 2.1499533653259277344 1.9749884605407714844 2.0725257396697998047 6.4430975914001464844 3.6408088207244873047
-9999 -9999 -9999 -9999 -9999 -9999 -9999 -9999 -9999 -9999 -9999 -9999 -9999 -9999 -9999 -9999 -9999 -9999 -9999 -9999 -9999 -9999 -9999 -9999 -9999 6.621448516845703125 8.436405181884765625 7.1311855316162109375 8.1630373001098632812 6.4940881729125976562 1.7934643030166625977 1.6024898290634155273 2.1927711963653564453 1.8644423484802246094 1.2308146953582763672 1.512923121452331543 2.251377105712890625 1.6938437223434448242 1.4919725656509399414 4.0937137603759765625 10.048010826110839844 10.661708831787109375 -9999 7.5494160652160644531 4.8329753875732421875 2.4535648822784423828 2.4754116535186767578 2.7243802547454833984 5.625518798828125 4.2959651947021484375 3.3655331134796142578 2.2117063999176025391 2.6781275272369384766 3.5005211830139160156
-9999 -9999 -9999 -9999 -9999 -9999 -9999 -9999 -9999 -9999 -9999 -9999 -9999 -9999 -9999 -9999 -9999 -9999 -9999 -9999 -9999 -9999 -9999 -9999 -9999 7.0139455795288085938 3.7678575515747070312 5.4418110847473144531 8.840648651123046875 3.6924309730529785156 1.5285031795501708984 1.7070529460906982422 1.6333239078521728516 1.4018725156784057617 1.3237098455429077148 1.4168089628219604492 1.9928566217422485352 4.5402774810791015625 6.7514510154724121094 5.0923719406127929688 5.096988677978515625 9.2496156692504882812 7.6113142967224121094 6.504364013671875 2.9154927730560302734 2.2297198772430419922 2.3862695693969726562 8.3494958877563476562 6.9817919731140136719 4.9161558151245117188 1.9376409053802490234 6.7613348960876464844 -9999 2.0855352878570556641
-9999 -9999 -9999 -9999 -9999 -9999 -9999 -9999 -9999 -9999 -9999 -9999 -9999 -9999 -9999 -9999 -9999 -9999 -9999 -9999 -9999 -9999 -9999 -9999 -9999 5.6045675277709960938 3.6807894706726074219 8.03025054931640625 3.3749165534973144531 2.0820734500885009766 1.4271433353424072266 1.9854159355163574219 1.7863652706146240234 1.5433307886123657227 1.5588473081588745117 1.0147523880004882812 2.3935308456420898438 7.4645380973815917969 6.5252027511596679688 6.2509064674377441406 2.2337450981140136719 3.50513458251953125 9.0594854354858398438 8.9787282943725585938 4.671710968017578125 3.7365283966064453125 8.1112422943115234375 2.6057991981506347656 7.8211350440979003906 5.9818673133850097656 1.9438652992248535156 3.088092803955078125 2.7421860694885253906 7.5069751739501953125
-9999 -9999 -9999 -9999 -9999 -9999 -9999 -9999 -9999 -9999 -9999 -9999 -9999 -9999 -9999 -9999 -9999 -9999 -9999 -9999 -9999 -9999 -9999 4.38086700439453125 5.9586176872253417969 3.6066300868988037109 5.173564910888671875 3.3028721809387207031 2.0973718166351318359 -9999 -9999 -9999 1.8751077651977539062 1.75926971435546875 1.0038747787475585938 1.0180997848510742188 2.2378299236297607422 2.9133758544921875 3.8162810802459716797 2.7297468185424804688 2.2181899547576904297 4.0659456253051757812 8.38701629638671875 8.0439271926879882812 4.6287021636962890625 2.0310060977935791016 7.5164890289306640625 4.0121254920959472656 1.6778087615966796875 1.6105403900146484375 1.8341269493103027344 2.4802508354187011719 5.74225616455078125 8.9466228485107421875
-9999 -9999 -9999 -9999 -9999 -9999 -9999 -9999 -9999 -9999 -9999 -9999 -9999 -9999 -9999 -9999 -9999 -9999 -9999 -9999 9.4895267486572265625 5.7978048324584960938 4.1521277427673339844 3.3653740882873535156 3.0805833339691162109 5.6061015129089355469 3.362514495849609375 2.3564693927764892578 1.6118744611740112305 2.1420748233795166016 5.0249118804931640625 -9999 1.9006427526473999023 1.2522834539413452148 1.3294286727905273438 0.98560601472854614258 1.5325245857238769531 1.4891370534896850586 2.5732185840606689453 2.2061924934387207031 1.7380319833755493164 2.1829078197479248047 3.5967001914978027344 3.7950491905212402344 2.8593926429748535156 2.0760300159454345703 1.9280933141708374023 2.7586884498596191406 1.1716961860656738281 1.3931154012680053711 2.2969465255737304688 1.9212462902069091797 3.3613085746765136719 7.5687885284423828125
-9999 -9999 -9999 -9999 -9999 -9999 -9999 -9999 -9999 -9999 -9999 -9999 -9999 -9999 -9999 -9999 -9999 -9999 -9999 -9999 -9999 4.5299382209777832031 4.6899609565734863281 3.3117828369140625 2.4717953205108642578 2.3590543270111083984 2.3770930767059326172 1.9662320613861083984 2.8480913639068603516 2.1256556510925292969 4.7501897811889648438 -9999 1.4130070209503173828 2.0617630481719970703 1.483687281608581543 1.2846628427505493164 1.4454554319381713867 3.3916134834289550781 5.9046587944030761719 7.4169158935546875 2.6490986347198486328 1.3044809103012084961 1.7537786960601806641 1.6653995513916015625 1.6498734951019287109 3.8556091785430908203 1.7121372222900390625 1.3024780750274658203 1.0973001718521118164 1.792828679084777832 2.682628631591796875 3.4541349411010742188 2.0235385894775390625 3.7834529876708984375
-9999 -9999 -9999 -9999 -9999 -9999 -9999 -9999 -9999 -9999 -9999 -9999 -9999 -9999 -9999 -9999 -9999 -9999 -9999 -9999 -9999 2.2736415863037109375 2.0042376518249511719 3.01033782958984375 3.0828423500061035156 7.3284125328063964844 3.0429584980010986328 2.142681121826171875 2.5069890022277832031 2.3044273853302001953 1.701549530029296875 1.6244597434997558594 1.3294813632965087891 1.6140118837356567383 0.91240775585174560547 2.0914373397827148438 1.1755400896072387695 3.8098213672637939453 8.651226043701171875 7.0039396286010742188 3.2162525653839111328 2.0056273937225341797 1.3393410444259643555 1.5183975696563720703 3.7101080417633056641 1.7646193504333496094 1.8225482702255249023 2.0403659343719482422 1.5845878124237060547 1.9761745929718017578 5.6299719810485839844 4.3660979270935058594 2.0081164836883544922 4.4651789665222167969
-9999 -9999 -9999 -9999 -9999 -9999 -9999 -9999 -9999 -9999 -9999 -9999 -9999 -9999 -9999 -9999 -9999 -9999 -9999 -9999 -9999 2.9216046333312988281 1.9839606285095214844 1.7957627773284912109 3.3445477485656738281 8.1262121200561523438 4.113918304443359375 2.1126782894134521484 1.7106506824493408203 1.4055989980697631836 1.3298088312149047852 1.9448335170745849609 1.8070313930511474609 0.99876499176025390625 1.1667793989181518555 2.4261438846588134766 1.3496874570846557617 3.3276615142822265625 7.537052154541015625 6.5439367294311523438 3.5948052406311035156 1.3351593017578125 1.7244065999984741211 2.0851786136627197266 1.7080603837966918945 1.7733533382415771484 4.1430578231811523438 3.6707119941711425781 1.4188274145126342773 1.7950965166091918945 3.4437592029571533203 1.7815538644790649414 2.4590513706207275391 6.0388059616088867188
-9999 -9999 -9999 -9999 -9999 -9999 -9999 -9999 -9999 -9999 -9999 -9999 -9999 -9999 -9999 -9999 -9999 -9999 -9999 -9999 -9999 2.3918859958648681641 2.416484832763671875 2.4919834136962890625 5.3606686592102050781 7.1425871849060058594 5.0363435745239257812 2.0815663337707519531 1.9815615415573120117 1.5130075216293334961 1.3400796651840209961 1.4761943817138671875 1.4105201959609985352 1.7678819894790649414 1.5231904983520507812 1.3733266592025756836 1.5095357894897460938 2.0315983295440673828 3.0886590480804443359 3.9637334346771240234 2.0105288028717041016 1.62664794921875 1.5422471761703491211 2.8272297382354736328 2.4114844799041748047 2.2245061397552490234 3.9104862213134765625 3.8439023494720458984 1.5438762903213500977 2.4439594745635986328 5.8338608741760253906 2.0788342952728271484 2.9741806983947753906 7.6762838363647460938
-9999 -9999 -9999 -9999 -9999 -9999 -9999 -9999 -9999 -9999 -9999 -9999 -9999 -9999 -9999 -9999 -9999 -9999 -9999 -9999 -9999 5.9891219139099121094 3.5200479030609130859 3.0086536407470703125 9.5086688995361328125 7.4412212371826171875 4.2595868110656738281 2.4074780941009521484 1.9952492713928222656 1.2859956026077270508 2.3956511020660400391 3.6328175067901611328 2.0290584564208984375 1.8223034143447875977 1.1204117536544799805 1.8235385417938232422 1.3536032438278198242 1.3427248001098632812 1.3664038181304931641 1.3411993980407714844 1.8218281269073486328 1.4742273092269897461 2.2215394973754882812 3.1586904525756835938 2.9244997501373291016 3.5491087436676025391 2.2083990573883056641 1.6319020986557006836 1.751927495002746582 3.0707843303680419922 2.0827894210815429688 2.7010896205902099609 8.0964365005493164062 7.0504107475280761719
-9999 -9999 -9999 -9999 -9999 -9999 -9999 -9999 -9999 -9999 -9999 -9999 -9999 -9999 -9999 -9999 -9999 -9999 -9999 -9999 -9999 8.0951490402221679688 7.3615713119506835938 4.3511033058166503906 2.5875742435455322266 8.9025783538818359375 7.4907751083374023438 3.9864599704742431641 1.9475766420364379883 1.5842164754867553711 1.5019314289093017578 3.5421593189239501953 8.7298946380615234375 3.0361192226409912109 2.0067868232727050781 1.9946655035018920898 1.5456529855728149414 1.34313201904296875 2.8762412071228027344 1.9044413566589355469 2.0176622867584228516 1.9586066007614135742 2.2751784324645996094 3.4722707271575927734 3.2914781570434570312 2.5727117061614990234 1.9151523113250732422 1.4557856321334838867 1.3856509923934936523 1.5134960412979125977 2.1401822566986083984 5.4008822441101074219 3.6890006065368652344 2.7263638973236083984
-9999 -9999 -9999 -9999 -9999 -9999 -9999 -9999 -9999 -9999 -9999 -9999 -9999 -9999 -9999 -9999 -9999 -9999 -9999 -9999 4.2081580162048339844 9.108524322509765625 5.0376539230346679688 1.8411555290222167969 1.9179854393005371094 3.9495038986206054688 3.4071092605590820312 2.3951244354248046875 1.5238733291625976562 2.1959416866302490234 1.3330482244491577148 5.7621550559997558594 7.0457606315612792969 4.5054650306701660156 2.2431206703186035156 2.2448339462280273438 1.9033257961273193359 2.2950270175933837891 3.1238238811492919922 2.2120177745819091797 2.1775174140930175781 3.8469641208648681641 5.0530714988708496094 2.8199307918548583984 2.4701671600341796875 1.6416488885879516602 1.5140222311019897461 1.7028046846389770508 1.8628429174423217773 1.9636636972427368164 2.2874228954315185547 1.7998458147048950195 2.5238575935363769531 7.6982069015502929688
-9999 -9999 -9999 -9999 -9999 -9999 -9999 -9999 -9999 -9999 -9999 -9999 -9999 -9999 -9999 -9999 -9999 -9999 -9999 -9999 -9999 3.9683401584625244141 2.0771858692169189453 1.7707790136337280273 1.6787055730819702148 1.4862135648727416992 1.9474607706069946289 1.9135206937789916992 1.6177675724029541016 2.3611397743225097656 1.2594499588012695312 2.8123455047607421875 4.6483216285705566406 2.0251164436340332031 2.1052510738372802734 1.9894155263900756836 1.8968383073806762695 2.400226593017578125 1.9241846799850463867 1.7539927959442138672 2.1313011646270751953 6.5184178352355957031 5.3418612480163574219 2.8209562301635742188 2.17058563232421875 1.9299483299255371094 3.4270517826080322266 2.4604549407958984375 3.4949414730072021484 4.1064081192016601562 6.8304810523986816406 1.9559204578399658203 1.7724940776824951172 2.0654606819152832031
-9999 -9999 -9999 -9999 -9999 -9999 -9999 -9999 -9999 -9999 -9999 -9999 -9999 -9999 -9999 -9999 -9999 -9999 -9999 -9999 -9999 -9999 -9999 1.7689646482467651367 1.7556424140930175781 1.7736848592758178711 1.4975571632385253906 2.0077192783355712891 10.189738273620605469 2.2820606231689453125 2.0567624568939208984 1.241639256477355957 1.3597846031188964844 1.2863166332244873047 1.527634739875793457 1.3676195144653320312 1.5296790599822998047 1.5033723115921020508 1.5193352699279785156 1.5137304067611694336 2.0937669277191162109 3.5785236358642578125 2.7516601085662841797 3.4049925804138183594 1.9759603738784790039 2.3674299716949462891 6.9082274436950683594 5.3827962875366210938 2.1276497840881347656 7.8180646896362304688 6.9306464195251464844 2.4051384925842285156 2.0243594646453857422 1.9178178310394287109
-9999 -9999 -9999 -9999 -9999 -9999 -9999 -9999 -9999 -9999 -9999 -9999 -9999 -9999 -9999 -9999 -9999 -9999 -9999 -9999 -9999 -9999 -9999 3.071681976318359375 1.4556934833526611328 1.8003488779067993164 -9999 -9999 7.1933894157409667969 6.6981859207153320312 3.8109202384948730469 2.3270366191864013672 1.1076616048812866211 1.396813511848449707 1.42340087890625 1.5883543491363525391 1.3748222589492797852 1.49826812744140625 1.5792113542556762695 1.3547520637512207031 1.5539621114730834961 1.3728090524673461914 1.7129771709442138672 2.0280654430389404297 1.6864331960678100586 2.2862389087677001953 6.9618482589721679688 1.8036066293716430664 2.9111337661743164062 3.7572469711303710938 3.4528789520263671875 5.4031991958618164062 3.422367095947265625 1.9729965925216674805
