data/germany/gwl-min_1000_25832_etrs89-utm32.asc
ncols        283
nrows        287
xllcorner    640492.098854022799
yllcorner    5679606.173605500720
cellsize     1000.000000000000
NODATA_value  -9999
[rows 168 to 191 of 287, columns 216 to 269 of 283]
10.765794754028320312 10.08498382568359375 4.4624676704406738281 2.3351881504058837891 1.574352264404296875 5.3134531974792480469 6.7845363616943359375 3.570953369140625 4.9835028648376464844 5.0829296112060546875 11.045988082885742188 9.586917877197265625 4.455615997314453125 2.4530749320983886719 2.1286931037902832031 10.410870552062988281 12.559823989868164062 7.9113550186157226562 4.8958868980407714844 4.4379897117614746094 10.597722053527832031 8.5301303863525390625 8.1243886947631835938 4.7870736122131347656 5.1358838081359863281 2.1358742713928222656 6.1231861114501953125 7.3195471763610839844 3.0482366085052490234 1.7405167818069458008 1.9292927980422973633 -9999 -9999 -9999 -9999 -9999 -9999 -9999 -9999 -9999 -9999 -9999 -9999 -9999 -9999 -9999 -9999 -9999 -9999 -9999 -9999 -9999 -9999 -9999
4.3187093734741210938 7.0550260543823242188 6.1706404685974121094 3.52257537841796875 2.1835958957672119141 8.9257497787475585938 6.5270786285400390625 4.0685100555419921875 3.6615779399871826172 4.823520660400390625 3.8607153892517089844 5.4499859809875488281 3.2687821388244628906 10.21753692626953125 2.1716480255126953125 5.4832768440246582031 12.882153511047363281 8.1243619918823242188 11.582211494445800781 4.5226268768310546875 11.2579803466796875 11.20838165283203125 7.5781421661376953125 9.3855619430541992188 6.1780133247375488281 3.9361052513122558594 2.9156782627105712891 3.9660220146179199219 5.2188720703125 2.6581718921661376953 1.9050322771072387695 2.0487718582153320312 -9999 -9999 -9999 -9999 -9999 -9999 -9999 -9999 -9999 -9999 -9999 -9999 -9999 -9999 -9999 -9999 -9999 -9999 -9999 -9999 -9999 -9999
3.9828472137451171875 3.7221441268920898438 4.9668107032775878906 3.3254160881042480469 2.2724516391754150391 5.4368329048156738281 3.8209295272827148438 2.4653732776641845703 1.8892951011657714844 1.8615185022354125977 2.0505948066711425781 2.0630152225494384766 4.5063619613647460938 11.663958549499511719 8.5345048904418945312 2.7415931224822998047 8.5417451858520507812 9.424274444580078125 10.416926383972167969 5.4126710891723632812 9.4951381683349609375 6.4753179550170898438 10.927910804748535156 10.028714179992675781 -9999 5.691982269287109375 5.9162874221801757812 4.9289879798889160156 3.8363137245178222656 2.4525446891784667969 3.0479762554168701172 -9999 -9999 -9999 -9999 -9999 -9999 -9999 -9999 -9999 -9999 -9999 -9999 -9999 -9999 -9999 -9999 -9999 -9999 -9999 -9999 -9999 -9999 -9999
7.6728458404541015625 2.9281055927276611328 3.5142955780029296875 2.0632925033569335938 1.7951374053955078125 1.6795836687088012695 1.517502903938293457 1.5521875619888305664 1.9178497791290283203 1.9122432470321655273 2.9621939659118652344 3.8808460235595703125 4.9842696189880371094 12.852663993835449219 11.221193313598632812 4.6899924278259277344 2.9101109504699707031 10.917879104614257812 5.5901422500610351562 6.0491151809692382812 13.788484573364257812 6.5694050788879394531 11.047768592834472656 5.9017686843872070312 7.4689273834228515625 5.1133351325988769531 4.5053391456604003906 -9999 4.16710662841796875 4.4146046638488769531 4.7323155403137207031 -9999 -9999 -9999 -9999 -9999 -9999 -9999 -9999 -9999 -9999 -9999 -9999 -9999 -9999 -9999 -9999 -9999 -9999 -9999 -9999 -9999 -9999 -9999
9.38845062255859375 3.3892302513122558594 6.018939971923828125 2.1248025894165039062 1.686335444450378418 2.2193706035614013672 3.1958816051483154297 2.7605020999908447266 2.5680000782012939453 2.9428572654724121094 4.1685681343078613281 4.9109597206115722656 9.1453495025634765625 10.965891838073730469 7.6196303367614746094 3.1815521717071533203 11.689593315124511719 15.071168899536132812 7.5052309036254882812 7.2446074485778808594 12.449647903442382812 11.179351806640625 6.4586739540100097656 6.3504099845886230469 7.8383197784423828125 7.1473340988159179688 4.7261071205139160156 -9999 4.8246736526489257812 -9999 4.5708260536193847656 -9999 -9999 -9999 -9999 -9999 -9999 -9999 -9999 -9999 -9999 -9999 -9999 -9999 -9999 -9999 -9999 -9999 -9999 -9999 -9999 -9999 -9999 -9999
7.3076305389404296875 3.2957742214202880859 2.0113694667816162109 3.0547070503234863281 5.6366252899169921875 7.0049505233764648438 3.2423713207244873047 3.6193952560424804688 3.7449970245361328125 3.36203765869140625 6.333850860595703125 3.6639049053192138672 9.5143108367919921875 13.038455963134765625 4.9191479682922363281 3.6915590763092041016 10.518269538879394531 14.430791854858398438 11.737691879272460938 5.71962738037109375 7.112705230712890625 8.601108551025390625 6.8945245742797851562 7.0801978111267089844 6.8165864944458007812 6.6808328628540039062 -9999 -9999 -9999 -9999 9.2908477783203125 -9999 -9999 -9999 -9999 -9999 -9999 -9999 -9999 -9999 -9999 -9999 -9999 -9999 -9999 -9999 -9999 -9999 -9999 -9999 -9999 -9999 -9999 -9999
2.5074379444122314453 -9999 4.3086705207824707031 11.989322662353515625 10.417741775512695312 9.4441070556640625 3.1656475067138671875 9.8222742080688476562 14.360371589660644531 10.886045455932617188 3.9648022651672363281 12.46968841552734375 13.144768714904785156 9.0575542449951171875 12.802624702453613281 4.4955172538757324219 4.9333562850952148438 11.533509254455566406 13.297003746032714844 7.2478580474853515625 10.067312240600585938 9.316791534423828125 14.011361122131347656 12.43120574951171875 11.824296951293945312 8.9191350936889648438 -9999 -9999 -9999 -9999 -9999 -9999 -9999 -9999 -9999 -9999 -9999 -9999 -9999 -9999 -9999 -9999 -9999 -9999 -9999 -9999 -9999 -9999 -9999 -9999 -9999 -9999 -9999 -9999
1.7676812410354614258 4.1786732673645019531 10.281170845031738281 11.337604522705078125 10.115797042846679688 7.5347843170166015625 1.6770119667053222656 4.2674126625061035156 9.6953382492065429688 9.4211988449096679688 6.7844643592834472656 13.181192398071289062 12.555768966674804688 5.1500301361083984375 6.2013688087463378906 4.6002349853515625 3.9285771846771240234 3.2979898452758789062 5.2228946685791015625 5.4351143836975097656 6.7414412498474121094 7.7254877090454101562 14.954732894897460938 10.908145904541015625 9.790630340576171875 9.288181304931640625 9.0811300277709960938 -9999 -9999 6.5499906539916992188 5.3625998497009277344 -9999 -9999 -9999 -9999 -9999 -9999 -9999 -9999 -9999 -9999 -9999 -9999 -9999 -9999 -9999 -9999 -9999 -9999 -9999 -9999 -9999 -9999 -9999
1.8463201522827148438 3.9739208221435546875 6.9057054519653320312 8.4865140914916992188 7.4025726318359375 3.3406279087066650391 2.3723838329315185547 3.4451739788055419922 3.4453501701354980469 3.4920268058776855469 4.799468994140625 3.9934327602386474609 4.0748357772827148438 3.4463520050048828125 11.814838409423828125 11.614588737487792969 3.6272056102752685547 3.7353529930114746094 4.0309000015258789062 10.50159454345703125 10.758823394775390625 12.820979118347167969 9.23728179931640625 12.084731101989746094 5.32232666015625 8.963710784912109375 8.963710784912109375 6.1871733665466308594 7.3399801254272460938 -9999 5.6438870429992675781 4.5444111824035644531 -9999 -9999 -9999 -9999 -9999 -9999 -9999 -9999 -9999 -9999 -9999 -9999 -9999 -9999 -9999 -9999 -9999 -9999 -9999 -9999 -9999 -9999
5.6898736953735351562 8.7073574066162109375 3.7061135768890380859 3.9072041511535644531 4.2246351242065429688 3.4232933521270751953 6.0009131431579589844 3.9439032077789306641 4.2198863029479980469 6.2515358924865722656 8.2065258026123046875 4.5798382759094238281 4.0704717636108398438 11.76290130615234375 11.926225662231445312 14.177839279174804688 3.7677693367004394531 5.1583886146545410156 10.637836456298828125 7.2159328460693359375 7.4120740890502929688 12.581417083740234375 10.835603713989257812 9.9623956680297851562 10.607472419738769531 7.2617387771606445312 5.0668311119079589844 7.7503862380981445312 7.3961949348449707031 5.1658253669738769531 4.3706598281860351562 3.3897378444671630859 -9999 -9999 -9999 -9999 -9999 -9999 -9999 -9999 -9999 -9999 -9999 -9999 -9999 -9999 -9999 -9999 -9999 -9999 -9999 -9999 -9999 -9999
9.2961282730102539062 6.0746822357177734375 2.2723603248596191406 2.5201618671417236328 3.1807222366333007812 3.4232933521270751953 6.0501832962036132812 9.439960479736328125 9.3128042221069335938 8.0803136825561523438 5.5487761497497558594 5.2504892349243164062 5.2504892349243164062 4.864013671875 3.0533397197723388672 12.942769050598144531 16.318330764770507812 12.996151924133300781 4.8324618339538574219 6.1547837257385253906 7.0037107467651367188 11.671787261962890625 9.1867656707763671875 9.0368757247924804688 6.1454057693481445312 11.180224418640136719 7.8980693817138671875 8.3174343109130859375 7.6472916603088378906 6.3352022171020507812 4.968631744384765625 2.9418797492980957031 -9999 -9999 -9999 -9999 -9999 -9999 -9999 -9999 -9999 -9999 -9999 -9999 -9999 -9999 -9999 -9999 -9999 -9999 -9999 -9999 -9999 -9999
2.4890301227569580078 2.3401074409484863281 3.9943408966064453125 2.9790968894958496094 3.5665731430053710938 9.7089176177978515625 8.3439970016479492188 3.3785564899444580078 6.4073925018310546875 4.9677309989929199219 4.4143533706665039062 5.279560089111328125 5.251018524169921875 14.507113456726074219 4.4572510719299316406 7.9802751541137695312 16.236452102661132812 12.108608245849609375 4.5665135383605957031 3.7663218975067138672 11.398110389709472656 7.0654292106628417969 7.9163866043090820312 10.282635688781738281 9.7559061050415039062 6.3643317222595214844 5.1560082435607910156 4.9797115325927734375 7.0317072868347167969 6.4440798759460449219 4.7075777053833007812 3.0723831653594970703 -9999 -9999 -9999 -9999 -9999 -9999 -9999 -9999 -9999 -9999 -9999 -9999 -9999 -9999 -9999 -9999 -9999 -9999 -9999 -9999 -9999 -9999
2.9570009708404541016 5.9453449249267578125 8.1826772689819335938 7.0333161354064941406 2.1789922714233398438 11.089691162109375 4.8919234275817871094 3.583805084228515625 4.1243772506713867188 4.7876834869384765625 7.3523206710815429688 6.8281054496765136719 7.2149662971496582031 13.772824287414550781 14.037151336669921875 5.6213488578796386719 12.630580902099609375 11.522912979125976562 6.4047083854675292969 5.3630394935607910156 11.963419914245605469 12.503500938415527344 9.7864704132080078125 10.217916488647460938 9.2332630157470703125 9.7976961135864257812 8.4117174148559570312 6.7004718780517578125 5.3504910469055175781 7.5819182395935058594 6.1077799797058105469 2.7327768802642822266 2.8993575572967529297 2.0256075859069824219 2.0743815898895263672 -9999 -9999 -9999 -9999 -9999 -9999 -9999 -9999 -9999 -9999 -9999 -9999 -9999 -9999 -9999 -9999 -9999 -9999 -9999
2.4056351184844970703 5.4069080352783203125 7.06375885009765625 4.9029760360717773438 3.8297030925750732422 9.3496656417846679688 3.3652260303497314453 3.6266353130340576172 7.1849918365478515625 8.1049251556396484375 8.309993743896484375 9.8303012847900390625 10.976613998413085938 12.135850906372070312 14.259894371032714844 5.3835840225219726562 8.3341932296752929688 13.228567123413085938 13.441802024841308594 5.5282378196716308594 14.285182952880859375 12.135786056518554688 10.739697456359863281 5.1652021408081054688 5.2673587799072265625 9.1865434646606445312 9.6520376205444335938 7.9988799095153808594 3.1486160755157470703 4.9415903091430664062 2.5311284065246582031 5.6590781211853027344 6.3065767288208007812 7.1498260498046875 3.9501142501831054688 -9999 -9999 -9999 -9999 -9999 -9999 -9999 -9999 -9999 -9999 -9999 -9999 -9999 -9999 -9999 -9999 -9999 -9999 -9999
6.0921754837036132812 9.883274078369140625 5.2976145744323730469 2.506381988525390625 6.7481231689453125 6.4204602241516113281 2.9016869068145751953 4.5910706520080566406 9.5962085723876953125 9.2649908065795898438 9.6186885833740234375 9.3808774948120117188 9.6733121871948242188 9.9621524810791015625 6.0266714096069335938 4.958187103271484375 4.4307112693786621094 11.500341415405273438 12.126741409301757812 6.3111033439636230469 7.9120988845825195312 12.114422798156738281 10.732815742492675781 6.4270939826965332031 3.1432144641876220703 4.0004739761352539062 4.0661067962646484375 3.2157154083251953125 4.5269374847412109375 3.8973188400268554688 8.4237880706787109375 6.9696049690246582031 6.3198480606079101562 6.9357194900512695312 7.13793182373046875 -9999 -9999 -9999 -9999 -9999 -9999 -9999 -9999 -9999 -9999 -9999 -9999 -9999 -9999 -9999 -9999 -9999 -9999 -9999
2.6636569499969482422 5.8049221038818359375 2.4854912757873535156 2.4714183807373046875 3.0095677375793457031 2.2191040515899658203 3.6917719841003417969 7.3735918998718261719 9.1254491806030273438 9.1182613372802734375 7.5018568038940429688 7.4551625251770019531 8.2675447463989257812 8.9058980941772460938 5.9263286590576171875 7.6125192642211914062 6.0410470962524414062 7.3460307121276855469 11.509084701538085938 7.8573207855224609375 12.982233047485351562 10.195668220520019531 4.9647083282470703125 5.6335439682006835938 -9999 7.8811097145080566406 7.8658280372619628906 6.7389774322509765625 5.3136153221130371094 10.65607452392578125 7.5108847618103027344 6.7143368721008300781 6.5764622688293457031 6.5578718185424804688 8.9422369003295898438 -9999 -9999 -9999 -9999 -9999 -9999 -9999 -9999 -9999 -9999 -9999 -9999 -9999 -9999 -9999 -9999 -9999 -9999 -9999
1.9801660776138305664 2.4867250919342041016 2.8083510398864746094 4.2952356338500976562 9.3998546600341796875 6.3283162117004394531 5.3854455947875976562 4.7147154808044433594 6.4587788581848144531 8.1705961227416992188 9.1573944091796875 11.193987846374511719 8.9043455123901367188 5.8851566314697265625 6.3333601951599121094 10.862009048461914062 13.684138298034667969 5.5841479301452636719 13.412412643432617188 11.687361717224121094 12.810141563415527344 8.8552732467651367188 4.9752411842346191406 5.09813690185546875 7.7494778633117675781 10.453824996948242188 5.0082464218139648438 3.9503428936004638672 5.9690051078796386719 12.228739738464355469 6.6932353973388671875 6.5076403617858886719 6.3088970184326171875 7.0497617721557617188 8.5757589340209960938 -9999 -9999 -9999 -9999 -9999 -9999 -9999 -9999 -9999 -9999 -9999 -9999 -9999 -9999 -9999 -9999 -9999 -9999 -9999
2.586246490478515625 2.3663859367370605469 5.9400629997253417969 7.6748013496398925781 3.5420508384704589844 4.3951330184936523438 4.8744421005249023438 3.8013291358947753906 6.4478392601013183594 4.7751011848449707031 11.528776168823242188 -9999 5.2185673713684082031 5.91986083984375 14.302336692810058594 14.138413429260253906 6.8167538642883300781 5.4171915054321289062 8.4871511459350585938 11.207804679870605469 11.218272209167480469 8.6088504791259765625 3.9049620628356933594 3.2238805294036865234 7.6550869941711425781 9.8673553466796875 4.7470421791076660156 5.361209869384765625 13.577028274536132812 10.898677825927734375 7.1497960090637207031 6.9389462471008300781 5.1876273155212402344 4.9098458290100097656 8.08005523681640625 -9999 -9999 -9999 -9999 -9999 -9999 -9999 -9999 -9999 -9999 -9999 -9999 -9999 -9999 -9999 -9999 -9999 -9999 -9999
1.9786423444747924805 2.2711291313171386719 4.2741179466247558594 7.6615347862243652344 5.8893771171569824219 2.3377463817596435547 2.4259803295135498047 4.8619489669799804688 7.2121186256408691406 4.0613875389099121094 4.339038848876953125 4.8781018257141113281 7.0479025840759277344 6.6131229400634765625 12.950441360473632812 14.559112548828125 13.337197303771972656 7.0810723304748535156 6.3472261428833007812 12.47850799560546875 5.0936489105224609375 4.3107199668884277344 4.7279672622680664062 2.3338620662689208984 7.8297286033630371094 7.4142847061157226562 4.9323315620422363281 11.735021591186523438 8.5417737960815429688 8.4284648895263671875 7.2207708358764648438 7.8587551116943359375 7.9495463371276855469 5.0183205604553222656 8.1511964797973632812 -9999 -9999 -9999 -9999 -9999 -9999 -9999 -9999 -9999 -9999 -9999 -9999 -9999 -9999 -9999 -9999 -9999 -9999 -9999
3.3081278800964355469 2.210880279541015625 4.7598004341125488281 5.9613919258117675781 5.3719158172607421875 4.2319574356079101562 5.6647963523864746094 2.0002155303955078125 2.7644784450531005859 3.0651171207427978516 4.1756644248962402344 5.0187029838562011719 6.3532071113586425781 8.8546495437622070312 13.288456916809082031 13.591899871826171875 13.4693450927734375 7.9478178024291992188 5.3612933158874511719 8.5170001983642578125 9.8264217376708984375 3.8163204193115234375 6.9718670845031738281 10.310049057006835938 5.2574911117553710938 4.0158815383911132812 4.2232408523559570312 6.9473433494567871094 4.6292891502380371094 4.7868595123291015625 10.066327095031738281 7.8727512359619140625 7.9495463371276855469 9.1219606399536132812 -9999 -9999 -9999 -9999 -9999 -9999 -9999 -9999 -9999 -9999 -9999 -9999 -9999 -9999 -9999 -9999 -9999 -9999 -9999 -9999
2.5720958709716796875 2.9241201877593994141 2.7387945652008056641 1.9547762870788574219 2.80881500244140625 5.7937760353088378906 7.7318549156188964844 6.5115895271301269531 6.649753570556640625 11.492976188659667969 4.9254546165466308594 5.7443075180053710938 8.8904962539672851562 9.8138780593872070312 6.4643959999084472656 7.3250226974487304688 6.9347672462463378906 6.8579831123352050781 4.3622312545776367188 11.837578773498535156 10.293955802917480469 3.9923322200775146484 7.2767791748046875 2.8414475917816162109 2.7595160007476806641 2.9402787685394287109 10.78119659423828125 6.2312693595886230469 3.4996447563171386719 5.4849419593811035156 10.224137306213378906 8.6876535415649414062 8.3678636550903320312 6.0152387619018554688 8.46430206298828125 -9999 -9999 -9999 -9999 -9999 -9999 -9999 -9999 -9999 -9999 -9999 -9999 -9999 -9999 -9999 -9999 -9999 -9999 -9999
2.8002803325653076172 11.232052803039550781 7.2557921409606933594 6.1677446365356445312 2.3118944168090820312 7.8001489639282226562 12.06406402587890625 10.427392959594726562 4.4605865478515625 5.8341536521911621094 5.7574253082275390625 6.6251053810119628906 5.4647221565246582031 11.064138412475585938 5.7120227813720703125 6.3138866424560546875 5.37410736083984375 4.2241797447204589844 4.2334041595458984375 13.685358047485351562 13.221379280090332031 4.3812899589538574219 3.3251318931579589844 7.2143874168395996094 2.6893050670623779297 4.6268405914306640625 10.723961830139160156 10.723961830139160156 4.6264700889587402344 3.3400053977966308594 3.0690739154815673828 11.129073143005371094 8.8155088424682617188 7.8043007850646972656 4.9323854446411132812 -9999 -9999 -9999 -9999 -9999 -9999 -9999 -9999 -9999 -9999 -9999 -9999 -9999 -9999 -9999 -9999 -9999 -9999 -9999
2.8440706729888916016 7.2674269676208496094 5.9882659912109375 5.8722891807556152344 2.1219794750213623047 3.4849607944488525391 5.1205744743347167969 12.181718826293945312 4.2744688987731933594 11.356884956359863281 9.5526342391967773438 4.8353738784790039062 4.0012559890747070312 4.872875213623046875 4.4595365524291992188 4.6345992088317871094 3.4351122379302978516 5.2842917442321777344 9.1316003799438476562 11.80644989013671875 10.072917938232421875 10.072917938232421875 9.7524309158325195312 7.0580196380615234375 10.609129905700683594 2.7905211448669433594 5.1811661720275878906 9.395099639892578125 7.9724173545837402344 2.7371609210968017578 2.298236846923828125 9.272754669189453125 8.02828216552734375 7.4124345779418945312 4.5013170242309570312 -9999 -9999 -9999 -9999 -9999 -9999 -9999 -9999 -9999 -9999 -9999 -9999 -9999 -9999 -9999 -9999 -9999 -9999 -9999
9.1772670745849609375 3.1465554237365722656 4.4643778800964355469 5.739990234375 4.9917407035827636719 2.3463897705078125 3.3483214378356933594 8.1863155364990234375 6.86505889892578125 4.74738311767578125 9.6516809463500976562 7.3262915611267089844 3.0405108928680419922 7.2362608909606933594 7.6992902755737304688 5.1576790809631347656 5.1576790809631347656 4.3335041999816894531 5.0262508392333984375 8.7009296417236328125 8.3910236358642578125 6.8109431266784667969 11.115414619445800781 4.5912661552429199219 7.5376377105712890625 7.7409977912902832031 2.9078791141510009766 6.3207201957702636719 2.6758646965026855469 3.6753280162811279297 9.4240293502807617188 8.2898626327514648438 7.7775292396545410156 6.4826989173889160156 1.9527337551116943359 -9999 -9999 -9999 -9999 -9999 -9999 -9999 -9999 -9999 -9999 -9999 -9999 -9999 -9999 -9999 -9999 -9999 -9999 -9999
