data/germany/gwl-max_1000_25832_etrs89-utm32.asc
ncols        283
nrows        287
xllcorner    640492.098854022799
yllcorner    5679606.173605500720
cellsize     1000.000000000000
NODATA_value  -9999
[rows 120 to 143 of 287, columns 54 to 107 of 283]
-9999 -9999 -9999 -9999 -9999 -9999 -9999 -9999 -9999 -9999 -9999 -9999 -9999 -9999 -9999 -9999 -9999 -9999 -9999 -9999 -9999 -9999 -9999 4.2852625846862792969 4.49346160888671875 4.8648614883422851562 4.9919848442077636719 9.6862888336181640625 3.9692215919494628906 2.0767302513122558594 3.1279504299163818359 4.3628516197204589844 6.6261854171752929688 13.709171295166015625 7.2198824882507324219 5.4629225730895996094 5.4069299697875976562 4.1432065963745117188 3.4680979251861572266 3.7282965183258056641 5.228885650634765625 5.5934166908264160156 9.420841217041015625 17.819135665893554688 16.277622222900390625 15.018242835998535156 11.097630500793457031 22.603246688842773438 7.5770740509033203125 15.431769371032714844 15.634256362915039062 14.536108016967773438 9.122776031494140625 3.5631103515625
-9999 -9999 -9999 -9999 -9999 -9999 -9999 -9999 -9999 -9999 -9999 -9999 -9999 -9999 -9999 -9999 -9999 -9999 -9999 -9999 -9999 -9999 -9999 2.3357307910919189453 4.25478363037109375 3.0733036994934082031 5.5234961509704589844 4.3466849327087402344 4.1015176773071289062 2.5067479610443115234 3.2196609973907470703 8.4343090057373046875 15.267932891845703125 12.806204795837402344 7.1467714309692382812 4.4680895805358886719 2.7932474613189697266 5.9632091522216796875 3.0433013439178466797 4.1216979026794433594 3.3986487388610839844 5.8548836708068847656 7.2688894271850585938 9.3584508895874023438 9.7535533905029296875 7.3777394294738769531 12.811136245727539062 16.384218215942382812 7.4283008575439453125 18.734907150268554688 13.5021209716796875 18.008962631225585938 10.277543067932128906 5.803180694580078125
-9999 -9999 -9999 -9999 -9999 -9999 -9999 -9999 -9999 -9999 -9999 -9999 -9999 -9999 -9999 -9999 -9999 -9999 -9999 -9999 -9999 -9999 -9999 3.3078391551971435547 4.2713112831115722656 2.5771112442016601562 2.636692047119140625 2.5881543159484863281 2.8112595081329345703 2.8281421661376953125 3.3291804790496826172 12.378839492797851562 15.189156532287597656 14.220432281494140625 6.3136510848999023438 2.8039400577545166016 3.5132703781127929688 3.4713094234466552734 6.1376905441284179688 8.8312597274780273438 6.0341553688049316406 7.8237910270690917969 5.3980302810668945312 7.557826995849609375 6.7464547157287597656 9.9198369979858398438 16.313554763793945312 12.350202560424804688 6.628078460693359375 10.370852470397949219 12.671364784240722656 17.453237533569335938 15.786168098449707031 7.3841795921325683594
-9999 -9999 -9999 -9999 -9999 -9999 -9999 -9999 -9999 -9999 -9999 -9999 -9999 -9999 -9999 -9999 -9999 -9999 -9999 -9999 -9999 -9999 -9999 -9999 2.8253681659698486328 2.6007294654846191406 2.0686941146850585938 2.6275837421417236328 3.4058623313903808594 2.2882428169250488281 3.1568646430969238281 8.1129741668701171875 15.370537757873535156 13.553818702697753906 2.9911732673645019531 2.3360276222229003906 3.307918548583984375 4.9400696754455566406 7.4078822135925292969 16.00482177734375 18.256582260131835938 7.4111123085021972656 5.8759164810180664062 7.2133917808532714844 7.3638448715209960938 12.240932464599609375 11.98809814453125 7.24037933349609375 6.6171927452087402344 6.9894156455993652344 11.146674156188964844 16.630275726318359375 12.605051040649414062 4.6537289619445800781
-9999 -9999 -9999 -9999 -9999 -9999 -9999 -9999 -9999 -9999 -9999 -9999 -9999 -9999 -9999 -9999 -9999 -9999 -9999 -9999 -9999 -9999 -9999 -9999 2.9819817543029785156 2.6653385162353515625 2.6575262546539306641 2.1830093860626220703 2.0604341030120849609 2.2015349864959716797 2.2167613506317138672 2.9074501991271972656 5.8149533271789550781 6.2052254676818847656 2.8232331275939941406 2.2407033443450927734 5.2218308448791503906 6.5620861053466796875 14.8404998779296875 17.57846832275390625 14.9441680908203125 15.307322502136230469 4.7082195281982421875 6.1325120925903320312 12.972754478454589844 7.0276551246643066406 7.6824412345886230469 6.2333807945251464844 5.8139977455139160156 7.1547422409057617188 10.664175987243652344 12.228569984436035156 6.5119457244873046875 3.8362028598785400391
-9999 -9999 -9999 -9999 -9999 -9999 -9999 -9999 -9999 -9999 -9999 -9999 -9999 -9999 -9999 -9999 -9999 -9999 -9999 -9999 -9999 -9999 -9999 -9999 -9999 11.574789047241210938 4.7916026115417480469 3.2033193111419677734 2.8541889190673828125 2.2058660984039306641 2.0213978290557861328 2.8777971267700195312 2.3872396945953369141 1.9516456127166748047 2.2452678680419921875 2.3858973979949951172 6.6159005165100097656 8.12075042724609375 14.096358299255371094 8.8677949905395507812 5.9003558158874511719 13.976956367492675781 10.083048820495605469 7.55914306640625 9.4363298416137695312 6.044658660888671875 5.6848058700561523438 8.729034423828125 5.6442708969116210938 11.68581390380859375 13.612364768981933594 14.0086822509765625 5.7987318038940429688 4.0999422073364257812
-9999 -9999 -9999 -9999 -9999 -9999 -9999 -9999 -9999 -9999 -9999 -9999 -9999 -9999 -9999 -9999 -9999 -9999 -9999 -9999 -9999 -9999 -9999 -9999 -9999 4.0327596664428710938 5.1292591094970703125 4.6643495559692382812 6.4680895805358886719 2.9631738662719726562 2.6746540069580078125 2.4506945610046386719 2.1445560455322265625 2.2375185489654541016 4.2028636932373046875 2.2336783409118652344 3.7463452816009521484 11.377957344055175781 3.4144124984741210938 3.4047169685363769531 5.5402512550354003906 13.028533935546875 12.543792724609375 5.8732099533081054688 6.7339644432067871094 13.454270362854003906 8.4048004150390625 5.5439920425415039062 5.5462269783020019531 10.281995773315429688 16.935886383056640625 10.251639366149902344 4.4600048065185546875 14.5644683837890625
-9999 -9999 -9999 -9999 -9999 -9999 -9999 -9999 -9999 -9999 -9999 -9999 -9999 -9999 -9999 -9999 -9999 -9999 -9999 -9999 -9999 -9999 -9999 -9999 -9999 -9999 6.6055998802185058594 16.788087844848632812 23.9002685546875 14.157756805419921875 5.9688549041748046875 2.4951174259185791016 2.6745920181274414062 4.4078016281127929688 3.3458631038665771484 2.0867047309875488281 2.6348850727081298828 3.5476717948913574219 5.9291515350341796875 4.0535039901733398438 4.9516539573669433594 7.2489595413208007812 12.957342147827148438 6.0096068382263183594 6.1171522140502929688 14.497141838073730469 13.393169403076171875 7.1472654342651367188 5.8238844871520996094 9.8710985183715820312 6.99297332763671875 5.9787950515747070312 6.0826282501220703125 10.517237663269042969
-9999 -9999 -9999 -9999 -9999 -9999 -9999 -9999 -9999 -9999 -9999 -9999 -9999 -9999 -9999 -9999 -9999 -9999 -9999 -9999 -9999 -9999 -9999 -9999 -9999 14.515165328979492188 23.24383544921875 22.389833450317382812 22.80858612060546875 13.996046066284179688 12.098103523254394531 2.8044712543487548828 2.0213370323181152344 2.9507253170013427734 2.0467600822448730469 2.0607879161834716797 -9999 3.5227410793304443359 11.895340919494628906 3.6310746669769287109 5.7870917320251464844 10.675312042236328125 28.981197357177734375 8.5146503448486328125 6.1823778152465820312 9.0544300079345703125 8.887706756591796875 9.8166322708129882812 5.6111454963684082031 5.3680853843688964844 5.9153451919555664062 4.143024444580078125 8.5250349044799804688 9.4747209548950195312
-9999 -9999 -9999 -9999 -9999 -9999 -9999 -9999 -9999 -9999 -9999 -9999 -9999 -9999 -9999 -9999 -9999 -9999 -9999 -9999 -9999 -9999 -9999 -9999 -9999 11.602582931518554688 12.840963363647460938 13.681451797485351562 14.401329994201660156 9.9674139022827148438 2.6825377941131591797 2.2904946804046630859 3.2801661491394042969 2.6644656658172607422 2.1131632328033447266 2.1173787117004394531 3.2684643268585205078 3.0944254398345947266 2.9227652549743652344 6.47662353515625 17.167852401733398438 17.400407791137695312 -9999 15.93065643310546875 8.0356016159057617188 5.4405465126037597656 5.6698141098022460938 5.9107613563537597656 11.033077239990234375 8.2740316390991210938 6.0913786888122558594 5.1429853439331054688 5.033290863037109375 6.55248260498046875
-9999 -9999 -9999 -9999 -9999 -9999 -9999 -9999 -9999 -9999 -9999 -9999 -9999 -9999 -9999 -9999 -9999 -9999 -9999 -9999 -9999 -9999 -9999 -9999 11.229433059692382812 8.6666975021362304688 5.1112895011901855469 7.6913557052612304688 13.946992874145507812 6.4431591033935546875 2.4950096607208251953 2.8720815181732177734 2.8111445903778076172 2.7940220832824707031 2.1868479251861572266 2.102710723876953125 3.3438713550567626953 7.5783429145812988281 9.59642791748046875 7.7191076278686523438 8.7987470626831054688 17.51482391357421875 18.746984481811523438 10.428879737854003906 5.4994959831237792969 4.7988882064819335938 3.9943840503692626953 12.435315132141113281 12.312512397766113281 7.3716182708740234375 4.3047895431518554688 11.634385108947753906 -9999 4.1936154365539550781
-9999 -9999 -9999 -9999 -9999 -9999 -9999 -9999 -9999 -9999 -9999 -9999 -9999 -9999 -9999 -9999 -9999 -9999 -9999 -9999 -9999 -9999 -9999 -9999 6.0593600273132324219 7.4941277503967285156 6.1354355812072753906 11.591949462890625 5.3461670875549316406 3.3867244720458984375 2.1597871780395507812 2.8355646133422851562 3.3928225040435791016 2.8175625801086425781 2.7624185085296630859 2.1004245281219482422 4.04047393798828125 13.670117378234863281 13.996352195739746094 9.243534088134765625 5.3700380325317382812 9.2603826522827148438 16.78853607177734375 18.69362640380859375 6.6829247474670410156 6.2992053031921386719 12.442364692687988281 6.2629718780517578125 12.058674812316894531 9.4057750701904296875 3.7672982215881347656 5.8007493019104003906 4.8418812751770019531 13.027365684509277344
-9999 -9999 -9999 -9999 -9999 -9999 -9999 -9999 -9999 -9999 -9999 -9999 -9999 -9999 -9999 -9999 -9999 -9999 -9999 -9999 14.493147850036621094 -9999 -9999 6.3715186119079589844 8.0048284530639648438 5.1075897216796875 7.9583706855773925781 4.5329813957214355469 4.2496547698974609375 2.3939204216003417969 2.3065717220306396484 3.1242258548736572266 3.8799993991851806641 2.5654742717742919922 2.1122314929962158203 2.1862070560455322266 3.3114683628082275391 5.8353290557861328125 6.9417815208435058594 4.2393341064453125 4.3523426055908203125 7.4527111053466796875 15.976255416870117188 14.815547943115234375 7.0695729255676269531 4.5193924903869628906 12.863016128540039062 6.4688234329223632812 3.6124696731567382812 2.9369981288909912109 2.8610210418701171875 4.5993471145629882812 9.0006151199340820312 12.457000732421875
-9999 -9999 -9999 -9999 -9999 -9999 -9999 -9999 -9999 -9999 -9999 -9999 -9999 -9999 -9999 -9999 -9999 -9999 -9999 -9999 14.920675277709960938 7.1646161079406738281 5.6990971565246582031 5.2845606803894042969 4.7617106437683105469 8.1868638992309570312 4.8035559654235839844 4.1786713600158691406 3.0682539939880371094 3.3099372386932373047 7.882846832275390625 3.4593145847320556641 2.8467402458190917969 2.1688685417175292969 2.1521255970001220703 2.2036206722259521484 2.1199383735656738281 2.9743888378143310547 4.2259545326232910156 3.2847287654876708984 3.1365680694580078125 4.3291645050048828125 6.3103003501892089844 7.8306941986083984375 5.7903165817260742188 3.3170516490936279297 4.1937851905822753906 6.0600905418395996094 3.1946682929992675781 2.3554010391235351562 4.3579378128051757812 3.9790718555450439453 5.5115523338317871094 12.29868316650390625
-9999 -9999 -9999 -9999 -9999 -9999 -9999 -9999 -9999 -9999 -9999 -9999 -9999 -9999 -9999 -9999 -9999 -9999 -9999 -9999 -9999 6.3797855377197265625 5.9779300689697265625 5.2606687545776367188 4.5794529914855957031 3.8469822406768798828 3.9719114303588867188 3.3266894817352294922 5.5387482643127441406 2.961551666259765625 7.5492548942565917969 2.7209978103637695312 2.3186156749725341797 5.927021026611328125 2.6141486167907714844 2.7309124469757080078 2.2932069301605224609 6.4474720954895019531 9.0780172348022460938 11.865500450134277344 5.2881121635437011719 2.9341769218444824219 4.2292795181274414062 4.1896266937255859375 2.8017957210540771484 6.5382070541381835938 3.152782440185546875 3.1435678005218505859 2.2753343582153320312 2.7977757453918457031 4.2229146957397460938 6.167163848876953125 5.0048165321350097656 6.2214746475219726562
-9999 -9999 -9999 -9999 -9999 -9999 -9999 -9999 -9999 -9999 -9999 -9999 -9999 -9999 -9999 -9999 -9999 -9999 -9999 -9999 -9999 5.9022336006164550781 5.0535125732421875 5.737514495849609375 4.3985285758972167969 15.233539581298828125 4.3649873733520507812 3.4826793670654296875 5.2642998695373535156 4.8917813301086425781 2.4328181743621826172 2.5237245559692382812 2.2822844982147216797 2.7029879093170166016 2.1161608695983886719 3.1645550727844238281 2.2822871208190917969 6.0184178352355957031 15.196032524108886719 12.663556098937988281 6.974590301513671875 5.2114386558532714844 2.1783893108367919922 2.7472088336944580078 6.1175441741943359375 2.6147067546844482422 3.0643022060394287109 4.2854595184326171875 2.6546232700347900391 3.0847606658935546875 8.91013336181640625 8.0152311325073242188 3.6488955020904541016 6.32889556884765625
-9999 -9999 -9999 -9999 -9999 -9999 -9999 -9999 -9999 -9999 -9999 -9999 -9999 -9999 -9999 -9999 -9999 -9999 -9999 -9999 -9999 5.8834843635559082031 4.6129922866821289062 4.2848730087280273438 5.1108551025390625 17.128902435302734375 6.7904973030090332031 3.7715606689453125 3.5054976940155029297 3.4755470752716064453 2.2415935993194580078 2.8548388481140136719 3.0743403434753417969 2.1363859176635742188 2.4641282558441162109 3.2368412017822265625 2.2703044414520263672 6.1042909622192382812 14.734279632568359375 13.658001899719238281 5.9925265312194824219 2.7724883556365966797 2.6181588172912597656 3.506805419921875 2.3329188823699951172 4.3283605575561523438 8.6281270980834960938 6.1128783226013183594 2.6198503971099853516 3.0076529979705810547 6.4116244316101074219 3.0655980110168457031 3.9359493255615234375 7.5629954338073730469
-9999 -9999 -9999 -9999 -9999 -9999 -9999 -9999 -9999 -9999 -9999 -9999 -9999 -9999 -9999 -9999 -9999 -9999 -9999 -9999 -9999 5.8854126930236816406 5.5486302375793457031 5.7694048881530761719 7.649196624755859375 16.7158355712890625 7.4485507011413574219 4.3962740898132324219 4.3665475845336914062 3.8705570697784423828 2.5012390613555908203 2.5601942539215087891 2.1532573699951171875 3.1269249916076660156 2.8860018253326416016 2.8877673149108886719 3.0182254314422607422 3.1157777309417724609 5.9685049057006835938 6.4037079811096191406 3.2470362186431884766 2.4606995582580566406 2.5991451740264892578 4.1624917984008789062 4.038455963134765625 4.8351497650146484375 9.2550201416015625 5.7497777938842773438 3.3123831748962402344 3.1356749534606933594 13.78668975830078125 3.3244001865386962891 6.008831024169921875 12.536553382873535156
-9999 -9999 -9999 -9999 -9999 -9999 -9999 -9999 -9999 -9999 -9999 -9999 -9999 -9999 -9999 -9999 -9999 -9999 -9999 -9999 -9999 11.270764350891113281 6.706325531005859375 6.1415896415710449219 15.188218116760253906 17.221057891845703125 7.3125934600830078125 5.4770026206970214844 4.7767724990844726562 3.6350641250610351562 4.5749011039733886719 6.4637713432312011719 4.3657054901123046875 3.2125506401062011719 3.4705908298492431641 3.3755025863647460938 2.6140077114105224609 2.1681232452392578125 2.2369909286499023438 2.1155912876129150391 3.9548513889312744141 3.2470226287841796875 4.4347214698791503906 5.2145924568176269531 5.6260838508605957031 9.0278530120849609375 4.7874078750610351562 3.3311204910278320312 3.0662229061126708984 4.93482208251953125 3.0451231002807617188 4.4992465972900390625 15.306240081787109375 9.6271820068359375
-9999 -9999 -9999 -9999 -9999 -9999 -9999 -9999 -9999 -9999 -9999 -9999 -9999 -9999 -9999 -9999 -9999 -9999 -9999 -9999 -9999 18.571821212768554688 15.555002212524414062 6.8569169044494628906 5.91112518310546875 18.718780517578125 17.96771240234375 7.2651891708374023438 4.6948232650756835938 3.9051845073699951172 4.3442273139953613281 6.2471032142639160156 11.904505729675292969 5.8513975143432617188 3.5391056537628173828 3.2561433315277099609 2.5028843879699707031 2.9974119663238525391 6.3841838836669921875 3.3584907054901123047 3.6883685588836669922 4.3102569580078125 4.256191253662109375 5.8716235160827636719 6.2986006736755371094 5.7937512397766113281 4.9657764434814453125 2.2574265003204345703 2.3692755699157714844 2.4097564220428466797 3.7880060672760009766 7.3558292388916015625 4.9644794464111328125 6.02080535888671875
-9999 -9999 -9999 -9999 -9999 -9999 -9999 -9999 -9999 -9999 -9999 -9999 -9999 -9999 -9999 -9999 -9999 -9999 -9999 -9999 6.7387542724609375 16.415348052978515625 10.760519981384277344 5.1199598312377929688 5.3606562614440917969 6.862964630126953125 6.9530439376831054688 5.3294725418090820312 3.6942880153656005859 6.5617237091064453125 4.03679656982421875 9.3205270767211914062 14.525692939758300781 6.2702593803405761719 3.8472263813018798828 3.2804429531097412109 3.0875070095062255859 3.4895806312561035156 10.965775489807128906 4.0053181648254394531 4.2181987762451171875 5.6383395195007324219 8.6140623092651367188 5.2486028671264648438 4.7650675773620605469 3.1067299842834472656 2.7588293552398681641 2.7747852802276611328 5.2992720603942871094 3.442813873291015625 5.5333156585693359375 2.8815765380859375 6.0651803016662597656 15.095373153686523438
-9999 -9999 -9999 -9999 -9999 -9999 -9999 -9999 -9999 -9999 -9999 -9999 -9999 -9999 -9999 -9999 -9999 -9999 -9999 -9999 4.8503122329711914062 6.526584625244140625 5.0467901229858398438 4.3379344940185546875 4.1199522018432617188 3.8936870098114013672 4.4342551231384277344 4.5961585044860839844 3.6373820304870605469 3.2027046680450439453 2.3664376735687255859 6.5914301872253417969 7.794567108154296875 3.236713409423828125 3.6912381649017333984 3.0726301670074462891 2.9265427589416503906 3.9161267280578613281 2.8827998638153076172 3.4630582332611083984 3.9363667964935302734 9.797626495361328125 7.7931795120239257812 4.7793631553649902344 3.3751893043518066406 2.81800079345703125 5.5357308387756347656 3.7577595710754394531 6.4097075462341308594 7.6015110015869140625 9.0423526763916015625 4.0107197761535644531 3.8786940574645996094 5.9453330039978027344
-9999 -9999 -9999 -9999 -9999 -9999 -9999 -9999 -9999 -9999 -9999 -9999 -9999 -9999 -9999 -9999 -9999 -9999 -9999 -9999 -9999 -9999 -9999 4.514194488525390625 4.2680196762084960938 4.8772125244140625 4.1309914588928222656 4.0933184623718261719 19.80413055419921875 3.6046545505523681641 4.2500157356262207031 2.9275801181793212891 2.4632194042205810547 2.3359165191650390625 2.5730218887329101562 2.1925358772277832031 2.2516443729400634766 2.579189300537109375 2.1663236618041992188 2.3520634174346923828 3.6464924812316894531 5.9317908287048339844 6.0799765586853027344 5.3941087722778320312 3.3749983310699462891 4.5367121696472167969 10.756473541259765625 13.097137451171875 3.3325011730194091797 13.144571304321289062 12.489428520202636719 3.6233706474304199219 5.4666128158569335938 3.7419035434722900391
-9999 -9999 -9999 -9999 -9999 -9999 -9999 -9999 -9999 -9999 -9999 -9999 -9999 -9999 -9999 -9999 -9999 -9999 -9999 -9999 -9999 -9999 -9999 7.2836041450500488281 3.6264710426330566406 4.0426640510559082031 -9999 3.9074699878692626953 15.724575996398925781 11.490437507629394531 5.8917016983032226562 3.3629822731018066406 1.9716032743453979492 2.2124121189117431641 2.2682750225067138672 2.8719019889831542969 2.2254250049591064453 2.3750288486480712891 2.7305862903594970703 2.2136845588684082031 2.3709583282470703125 2.3067455291748046875 2.4478526115417480469 3.1254782676696777344 3.4455111026763916016 4.8737130165100097656 12.277304649353027344 2.9705557823181152344 5.4372806549072265625 6.5548624992370605469 5.6025710105895996094 9.6771955490112304688 6.9998097419738769531 3.6459059715270996094
