data/germany/gwl-min_1000_25832_etrs89-utm32.asc
ncols        283
nrows        287
xllcorner    640492.098854022799
yllcorner    5679606.173605500720
cellsize     1000.000000000000
NODATA_value  -9999
[rows 48 to 71 of 287, columns 54 to 107 of 283]
-9999 -9999 -9999 -9999 -9999 -9999 -9999 -9999 -9999 -9999 -9999 -9999 -9999 -9999 -9999 -9999 -9999 -9999 -9999 -9999 -9999 -9999 -9999 -9999 -9999 -9999 -9999 -9999 -9999 -9999 -9999 -9999 -9999 -9999 -9999 -9999 -9999 -9999 -9999 -9999 -9999 -9999 -9999 -9999 -9999 -9999 -9999 -9999 -9999 -9999 -9999 -9999 -9999 -9999
-9999 -9999 -9999 -9999 -9999 -9999 -9999 -9999 -9999 -9999 -9999 -9999 -9999 -9999 -9999 -9999 -9999 -9999 -9999 -9999 -9999 -9999 -9999 -9999 -9999 -9999 -9999 -9999 -9999 -9999 -9999 -9999 -9999 -9999 -9999 -9999 -9999 -9999 -9999 -9999 -9999 -9999 -9999 -9999 -9999 -9999 -9999 -9999 -9999 -9999 -9999 -9999 -9999 -9999
-9999 -9999 -9999 -9999 -9999 -9999 -9999 -9999 -9999 -9999 6.5690898895263671875 -9999 -9999 -9999 -9999 -9999 -9999 -9999 -9999 4.833766937255859375 4.8212461471557617188 -9999 -9999 -9999 -9999 -9999 -9999 -9999 -9999 -9999 -9999 -9999 -9999 -9999 -9999 -9999 -9999 -9999 -9999 -9999 -9999 -9999 -9999 -9999 -9999 -9999 -9999 -9999 -9999 -9999 -9999 -9999 -9999 -9999
-9999 -9999 -9999 -9999 -9999 -9999 -9999 -9999 -9999 -9999 6.357158660888671875 -9999 -9999 -9999 4.7314534187316894531 3.8856489658355712891 3.0448858737945556641 -9999 -9999 3.3119151592254638672 4.8108978271484375 3.7149133682250976562 -9999 -9999 -9999 -9999 -9999 -9999 -9999 -9999 -9999 -9999 -9999 -9999 -9999 -9999 -9999 -9999 -9999 -9999 -9999 -9999 -9999 -9999 -9999 -9999 -9999 -9999 -9999 -9999 -9999 -9999 -9999 -9999
-9999 -9999 -9999 -9999 -9999 -9999 -9999 -9999 -9999 -9999 2.9862141609191894531 4.0355901718139648438 -9999 4.2537751197814941406 2.3431830406188964844 2.5653636455535888672 2.0949358940124511719 2.0516581535339355469 2.8075520992279052734 2.6994812488555908203 3.2519433498382568359 2.6054978370666503906 -9999 -9999 -9999 -9999 -9999 -9999 -9999 -9999 -9999 -9999 -9999 -9999 -9999 -9999 -9999 -9999 -9999 -9999 -9999 -9999 -9999 -9999 -9999 -9999 -9999 -9999 -9999 -9999 -9999 -9999 -9999 -9999
-9999 -9999 -9999 -9999 -9999 -9999 -9999 -9999 2.3869602680206298828 2.8073642253875732422 3.0638980865478515625 3.7160093784332275391 3.9839725494384765625 2.1302716732025146484 1.8775408267974853516 1.7459154129028320312 1.9612003564834594727 2.1029024124145507812 1.9627156257629394531 1.9790810346603393555 1.9548647403717041016 2.1493353843688964844 2.3149206638336181641 -9999 -9999 -9999 -9999 -9999 -9999 -9999 -9999 -9999 -9999 -9999 -9999 -9999 -9999 -9999 -9999 -9999 -9999 -9999 -9999 -9999 -9999 -9999 -9999 -9999 -9999 -9999 -9999 -9999 -9999 -9999
-9999 -9999 -9999 -9999 -9999 -9999 -9999 -9999 2.2282490730285644531 2.9244351387023925781 3.0362391471862792969 2.9861297607421875 4.02039337158203125 2.0094716548919677734 3.8834826946258544922 4.8057589530944824219 2.6280612945556640625 8.3901033401489257812 5.0009894371032714844 5.3877353668212890625 6.2048792839050292969 3.5641589164733886719 2.11109161376953125 4.7100625038146972656 -9999 13.181853294372558594 9.0140314102172851562 -9999 -9999 -9999 -9999 -9999 -9999 -9999 -9999 -9999 -9999 -9999 -9999 -9999 -9999 -9999 -9999 -9999 -9999 -9999 -9999 -9999 -9999 -9999 -9999 -9999 -9999 -9999
-9999 -9999 -9999 -9999 -9999 -9999 -9999 -9999 5.4395303726196289062 2.6506340503692626953 2.4981298446655273438 2.4521093368530273438 2.2382426261901855469 2.2710139751434326172 2.3945369720458984375 2.5448124408721923828 2.4143567085266113281 3.1498460769653320312 3.2131516933441162109 7.6462101936340332031 13.530961036682128906 9.5982074737548828125 3.4336917400360107422 4.4616374969482421875 11.313579559326171875 12.631054878234863281 11.239973068237304688 8.4540462493896484375 6.1569390296936035156 -9999 -9999 -9999 -9999 -9999 -9999 -9999 -9999 -9999 -9999 -9999 -9999 -9999 -9999 -9999 -9999 -9999 -9999 -9999 -9999 -9999 -9999 -9999 -9999 -9999
-9999 -9999 -9999 -9999 -9999 -9999 -9999 9.8943538665771484375 -9999 4.5818686485290527344 2.0418379306793212891 2.0724356174468994141 1.9212973117828369141 1.789867401123046875 1.858469843864440918 2.4234602451324462891 2.8478603363037109375 2.8024184703826904297 4.1850886344909667969 7.4229226112365722656 13.018086433410644531 11.845702171325683594 4.5859098434448242188 3.2694711685180664062 6.8272776603698730469 4.4041209220886230469 11.537467002868652344 11.657383918762207031 9.8665761947631835938 3.8823688030242919922 2.6482820510864257812 1.1521838903427124023 3.0824103355407714844 -9999 -9999 -9999 -9999 -9999 -9999 -9999 -9999 -9999 -9999 -9999 -9999 -9999 -9999 -9999 -9999 -9999 -9999 -9999 -9999 -9999
-9999 -9999 -9999 -9999 -9999 -9999 -9999 9.3281154632568359375 5.9937129020690917969 4.949283599853515625 -9999 2.1879360675811767578 2.012332916259765625 2.8282470703125 3.0087223052978515625 3.6699345111846923828 6.9200510978698730469 6.5865955352783203125 6.6007661819458007812 9.8692607879638671875 11.803594589233398438 12.284110069274902344 4.7252383232116699219 6.0719137191772460938 9.4962205886840820312 12.423009872436523438 10.294865608215332031 11.728737831115722656 5.5497050285339355469 4.9552502632141113281 4.1385736465454101562 3.3330481052398681641 1.5204788446426391602 -9999 -9999 -9999 -9999 -9999 -9999 -9999 -9999 -9999 -9999 -9999 -9999 -9999 -9999 -9999 -9999 -9999 -9999 -9999 -9999 -9999
-9999 -9999 -9999 -9999 11.9745635986328125 10.74985504150390625 10.028969764709472656 8.9742727279663085938 5.5352454185485839844 1.9788711071014404297 2.0283915996551513672 1.8560230731964111328 -9999 3.6722869873046875 6.3054709434509277344 -9999 11.23382568359375 9.2599163055419921875 7.5568304061889648438 11.687857627868652344 12.129350662231445312 11.251091957092285156 5.0798730850219726562 8.1630182266235351562 14.510985374450683594 15.577936172485351562 13.874287605285644531 6.7387251853942871094 9.611644744873046875 8.7422199249267578125 7.4929933547973632812 5.2557454109191894531 4.5164151191711425781 -9999 1.6329979896545410156 -9999 -9999 -9999 -9999 -9999 -9999 -9999 -9999 -9999 -9999 -9999 -9999 -9999 -9999 -9999 -9999 -9999 -9999 -9999
-9999 -9999 -9999 12.227335929870605469 8.878631591796875 10.649905204772949219 7.3307466506958007812 5.5245099067687988281 2.3934009075164794922 2.1563320159912109375 5.1192727088928222656 3.9945859909057617188 2.4761691093444824219 5.7244725227355957031 8.9085845947265625 12.617940902709960938 12.481884956359863281 -9999 12.027720451354980469 11.0157012939453125 11.192895889282226562 5.1008601188659667969 5.4711222648620605469 10.037042617797851562 13.985189437866210938 16.996271133422851562 13.800436973571777344 12.230351448059082031 12.963276863098144531 10.551718711853027344 8.6581573486328125 8.5864353179931640625 6.8239154815673828125 2.1975574493408203125 2.1392724514007568359 -9999 -9999 -9999 -9999 -9999 10.925831794738769531 5.1697707176208496094 -9999 -9999 -9999 -9999 -9999 -9999 -9999 -9999 -9999 -9999 -9999 -9999
-9999 -9999 -9999 11.133065223693847656 8.4165964126586914062 6.2508368492126464844 5.505428314208984375 3.7437481880187988281 2.0837311744689941406 8.7599039077758789062 8.8843374252319335938 9.5496454238891601562 3.6610243320465087891 6.9228801727294921875 9.8449430465698242188 11.460085868835449219 11.803236961364746094 10.908887863159179688 10.707365989685058594 8.0182971954345703125 -9999 5.2510256767272949219 8.9961261749267578125 11.037404060363769531 15.662545204162597656 17.348558425903320312 14.191801071166992188 9.1828289031982421875 13.339396476745605469 9.7925996780395507812 8.5436582565307617188 10.586007118225097656 2.8948609828948974609 2.8200974464416503906 4.6356215476989746094 -9999 -9999 -9999 6.215473175048828125 10.866106986999511719 9.9505167007446289062 7.2243604660034179688 2.4311699867248535156 -9999 -9999 -9999 -9999 -9999 -9999 -9999 -9999 -9999 -9999 -9999
7.2858777046203613281 6.4494900703430175781 7.1754131317138671875 7.0469422340393066406 5.706920623779296875 5.0572261810302734375 3.2260229587554931641 1.8168427944183349609 2.095691680908203125 4.7187657356262207031 8.0791673660278320312 8.3450412750244140625 3.3834135532379150391 6.1774573326110839844 10.916829109191894531 13.236376762390136719 9.96050262451171875 8.9087915420532226562 4.8703374862670898438 3.7108638286590576172 6.6638817787170410156 -9999 9.26747894287109375 12.845986366271972656 14.87493133544921875 13.711058616638183594 13.920198440551757812 10.123103141784667969 6.2683496475219726562 6.1375479698181152344 5.6477618217468261719 2.6578180789947509766 6.7105884552001953125 6.020870208740234375 7.5327763557434082031 5.1050386428833007812 2.5981845855712890625 2.1646649837493896484 4.2028508186340332031 5.1807870864868164062 5.016986846923828125 4.9487137794494628906 2.5943267345428466797 7.2241415977478027344 8.21253204345703125 10.165200233459472656 -9999 -9999 17.025854110717773438 13.878704071044921875 -9999 -9999 -9999 -9999
4.1832222938537597656 3.1519882678985595703 3.1237218379974365234 3.5744044780731201172 3.0406446456909179688 2.7991802692413330078 6.8663911819458007812 1.6029608249664306641 3.6275374889373779297 3.2470440864562988281 6.2725996971130371094 9.1220912933349609375 3.6597955226898193359 4.2892560958862304688 8.3237409591674804688 9.129138946533203125 3.4589440822601318359 3.6090135574340820312 3.8036060333251953125 7.0524516105651855469 8.5194768905639648438 8.6073131561279296875 -9999 11.510990142822265625 13.175693511962890625 13.047234535217285156 15.974172592163085938 8.0312099456787109375 5.2863440513610839844 3.3894860744476318359 3.5483226776123046875 5.4779081344604492188 13.215208053588867188 10.658701896667480469 10.196400642395019531 8.7443799972534179688 4.4144001007080078125 1.7044788599014282227 2.7618622779846191406 3.6492493152618408203 3.7702863216400146484 3.2361822128295898438 2.9825026988983154297 7.2660565376281738281 9.459728240966796875 7.6190891265869140625 10.376199722290039062 13.901315689086914062 13.358395576477050781 11.702277183532714844 3.636180877685546875 -9999 -9999 -9999
6.9003272056579589844 3.1127912998199462891 3.005924224853515625 2.9124331474304199219 2.5377893447875976562 2.0478646755218505859 1.7578635215759277344 2.3489155769348144531 8.430278778076171875 8.274333953857421875 6.8111939430236816406 6.3280210494995117188 3.3754990100860595703 3.9877734184265136719 4.7469401359558105469 4.2122178077697753906 7.0214362144470214844 9.5177202224731445312 13.091604232788085938 11.530186653137207031 12.285523414611816406 12.638886451721191406 11.371670722961425781 11.705326080322265625 13.117512702941894531 -9999 8.5065546035766601562 7.8087964057922363281 4.0034308433532714844 4.50347137451171875 3.6266226768493652344 14.99480438232421875 12.358760833740234375 9.6549434661865234375 10.534206390380859375 6.8046603202819824219 4.5058813095092773438 2.1802325248718261719 2.4206264019012451172 3.4544281959533691406 4.2788901329040527344 4.3041324615478515625 6.4110760688781738281 7.198272705078125 7.8440771102905273438 2.5613315105438232422 3.1469702720642089844 3.4850189685821533203 3.8255038261413574219 4.506664276123046875 4.8882536888122558594 -9999 -9999 -9999
4.8345208168029785156 2.7619142532348632812 2.5270695686340332031 2.4884874820709228516 2.5794260501861572266 1.7750989198684692383 1.1643583774566650391 2.1124734878540039062 8.2212886810302734375 6.9642925262451171875 3.6107387542724609375 2.9877028465270996094 2.4446008205413818359 4.4236917495727539062 4.790531158447265625 5.8881154060363769531 11.999998092651367188 13.906804084777832031 10.140654563903808594 10.916417121887207031 11.065703392028808594 12.2256927490234375 10.684182167053222656 9.044315338134765625 10.475170135498046875 5.8940739631652832031 9.2690448760986328125 -9999 9.469844818115234375 2.9544053077697753906 10.09000396728515625 12.720666885375976562 10.595862388610839844 12.049393653869628906 5.7743463516235351562 6.0760912895202636719 8.3730716705322265625 7.6542706489562988281 2.1465303897857666016 2.9717748165130615234 4.4174904823303222656 1.8856902122497558594 1.9892636537551879883 3.5106377601623535156 2.7584598064422607422 9.1174411773681640625 5.5150408744812011719 4.8000469207763671875 7.4117231369018554688 3.1516005992889404297 6.3408360481262207031 12.365605354309082031 12.722703933715820312 7.9614624977111816406
3.9798419475555419922 2.0785570144653320312 2.3081388473510742188 4.5462489128112792969 2.383388519287109375 1.720307469367980957 1.3344651460647583008 2.2030622959136962891 3.3331074714660644531 2.8138356208801269531 3.0314464569091796875 2.0342905521392822266 3.2138743400573730469 4.3638124465942382812 5.913867950439453125 11.846319198608398438 12.033438682556152344 11.457820892333984375 8.117828369140625 7.6004724502563476562 8.7413091659545898438 10.725138664245605469 7.3834357261657714844 7.8388371467590332031 5.79647064208984375 14.3320770263671875 9.5190420150756835938 12.468586921691894531 8.8429174423217773438 3.9969568252563476562 -9999 7.4462676048278808594 8.2185993194580078125 9.0363683700561523438 4.4466767311096191406 3.6932282447814941406 12.362904548645019531 9.9406423568725585938 4.5718502998352050781 2.0135746002197265625 2.0710539817810058594 6.6622056961059570312 6.5165166854858398438 2.1293733119964599609 5.2503070831298828125 10.31162261962890625 10.810222625732421875 10.283224105834960938 5.1013398170471191406 2.6570036411285400391 12.133686065673828125 11.627448081970214844 12.360906600952148438 4.5525360107421875
5.0159730911254882812 3.8343739509582519531 3.5464122295379638672 2.721790313720703125 2.3762140274047851562 1.7163769006729125977 0.9054851531982421875 2.0239329338073730469 5.4879612922668457031 4.4701442718505859375 4.5011448860168457031 2.0778276920318603516 4.0953536033630371094 5.3122072219848632812 5.7928729057312011719 10.989750862121582031 12.359552383422851562 6.1647586822509765625 6.1800789833068847656 4.5316004753112792969 4.7719182968139648438 6.1088805198669433594 5.3763322830200195312 2.8733384609222412109 5.1722359657287597656 4.5697889328002929688 3.8549802303314208984 10.015086174011230469 6.2727718353271484375 3.5283067226409912109 8.6722049713134765625 3.4537034034729003906 3.3534097671508789062 -9999 2.0891978740692138672 4.4674754142761230469 -9999 12.113836288452148438 11.175706863403320312 1.9570621252059936523 7.1019225120544433594 6.9586572647094726562 3.1690266132354736328 4.0467576980590820312 5.6252846717834472656 5.3081517219543457031 8.5316190719604492188 11.035086631774902344 3.1375565528869628906 2.7012448310852050781 5.1079587936401367188 9.1337289810180664062 3.5273642539978027344 5.3520588874816894531
4.8841404914855957031 5.0443296432495117188 8.3840999603271484375 8.9616270065307617188 3.9326393604278564453 2.3567850589752197266 2.2037694454193115234 1.0791876316070556641 5.7753291130065917969 5.4594330787658691406 2.9194481372833251953 2.0687029361724853516 3.9800868034362792969 5.8723988533020019531 10.941170692443847656 11.772154808044433594 4.9442071914672851562 7.0770845413208007812 9.2177600860595703125 4.6548829078674316406 2.4375123977661132812 5.0838174819946289062 2.0547461509704589844 2.2080783843994140625 4.9241113662719726562 3.7500078678131103516 7.6565160751342773438 8.7870569229125976562 4.7310557365417480469 3.8697233200073242188 8.5429372787475585938 8.9710435867309570312 2.6679863929748535156 2.5175669193267822266 2.0328578948974609375 2.2013881206512451172 3.4612293243408203125 3.0241644382476806641 2.3213660717010498047 -9999 4.6851658821105957031 3.2606122493743896484 5.4441723823547363281 5.4236674308776855469 4.9246692657470703125 5.067661285400390625 4.8309216499328613281 7.4301648139953613281 2.4760413169860839844 3.6339917182922363281 4.6207122802734375 8.2897119522094726562 5.5902109146118164062 5.8619680404663085938
4.9791111946105957031 7.434173583984375 8.9452877044677734375 9.1158456802368164062 8.77474212646484375 4.6884522438049316406 2.7352900505065917969 6.7741947174072265625 1.2961603403091430664 5.9680123329162597656 4.8362407684326171875 2.2311320304870605469 4.4028072357177734375 4.3369765281677246094 6.9116330146789550781 3.9644122123718261719 4.503582000732421875 9.881557464599609375 8.5349884033203125 5.0755252838134765625 1.2766733169555664062 2.4751675128936767578 1.4830743074417114258 8.8714284896850585938 8.238494873046875 8.6725988388061523438 13.143709182739257812 9.6772260665893554688 4.9046740531921386719 4.6424431800842285156 4.9054732322692871094 3.2932043075561523438 3.4516756534576416016 2.5205276012420654297 3.1442079544067382812 2.2249538898468017578 2.0743353366851806641 2.1849796772003173828 1.9709208011627197266 2.2195446491241455078 3.0930943489074707031 4.4255685806274414062 -9999 5.0923361778259277344 4.9739537239074707031 4.8784418106079101562 4.8469061851501464844 7.2944626808166503906 3.8576264381408691406 6.6227045059204101562 7.8096947669982910156 7.75079345703125 8.4951601028442382812 3.3698251247406005859
4.7467498779296875 8.0684480667114257812 5.2628903388977050781 3.1444482803344726562 5.5398759841918945312 8.84441375732421875 9.4465618133544921875 3.0080850124359130859 1.608303070068359375 2.9328415393829345703 3.1023209095001220703 1.6821688413619995117 1.9761936664581298828 12.144406318664550781 5.3704037666320800781 4.7805624008178710938 7.44305419921875 9.6939334869384765625 5.1871056556701660156 1.3459697961807250977 1.2978361845016479492 1.6333066225051879883 4.8627009391784667969 7.8983011245727539062 7.4100861549377441406 7.1473488807678222656 12.737270355224609375 9.81488800048828125 5.5045704841613769531 7.8639121055603027344 12.15666961669921875 9.757236480712890625 6.9847292900085449219 6.8009638786315917969 5.9315018653869628906 5.5692801475524902344 2.6811423301696777344 2.1636357307434082031 1.86830902099609375 2.1996259689331054688 2.3665456771850585938 3.8731424808502197266 -9999 4.1938734054565429688 3.8659508228302001953 5.1918506622314453125 6.0277957916259765625 9.2420825958251953125 5.5310277938842773438 5.5686268806457519531 4.7199645042419433594 2.7510850429534912109 3.0639023780822753906 3.1567234992980957031
4.8559179306030273438 7.2285561561584472656 5.1477332115173339844 3.0397789478302001953 1.8931784629821777344 7.2431735992431640625 7.6597390174865722656 4.3969874382019042969 1.6096448898315429688 7.9849119186401367188 2.5298721790313720703 1.5937262773513793945 3.0420706272125244141 3.8532814979553222656 7.9732503890991210938 3.3593683242797851562 9.5511808395385742188 5.5857973098754882812 2.5077283382415771484 1.4182921648025512695 3.2429947853088378906 2.5386114120483398438 2.7224972248077392578 7.7838044166564941406 4.2223258018493652344 6.2492532730102539062 12.796497344970703125 12.239558219909667969 6.4423465728759765625 11.405542373657226562 10.221547126770019531 10.628041267395019531 9.77016448974609375 9.3971242904663085938 9.1607999801635742188 5.7497248649597167969 4.2126812934875488281 3.1208016872406005859 2.0211112499237060547 1.8725203275680541992 2.1043722629547119141 3.5187299251556396484 4.08447265625 3.6824748516082763672 5.2537369728088378906 6.8373379707336425781 -9999 7.2169995307922363281 5.3289532661437988281 5.7352352142333984375 3.8210139274597167969 5.0137958526611328125 6.8746752738952636719 5.0194439888000488281
7.8710055351257324219 8.3538722991943359375 5.4968056678771972656 3.5948250293731689453 2.1831796169281005859 8.6564397811889648438 8.2245721817016601562 4.2152400016784667969 1.8407943248748779297 2.1851370334625244141 1.9809474945068359375 1.8787093162536621094 2.0915098190307617188 3.903804779052734375 4.1602392196655273438 8.761211395263671875 3.3151226043701171875 3.4878668785095214844 3.2866358757019042969 3.8739953041076660156 2.2744116783142089844 1.1836431026458740234 3.7617020606994628906 4.2439990043640136719 5.2889571189880371094 8.375640869140625 12.517512321472167969 10.915887832641601562 5.7476959228515625 8.2946796417236328125 6.3126683235168457031 8.0760793685913085938 11.906232833862304688 9.3987522125244140625 9.6862497329711914062 9.0616121292114257812 3.8418467044830322266 7.3203749656677246094 4.6952223777770996094 1.9006022214889526367 1.8039224147796630859 3.1203818321228027344 5.4988613128662109375 5.43123626708984375 4.36736297607421875 3.6861672401428222656 4.2095599174499511719 4.0136365890502929688 3.4248807430267333984 -9999 2.6642143726348876953 3.5884001255035400391 9.7626781463623046875 8.9855222702026367188
