data/germany/gwl-max_1000_25832_etrs89-utm32.asc
ncols        283
nrows        287
xllcorner    640492.098854022799
yllcorner    5679606.173605500720
cellsize     1000.000000000000
NODATA_value  -9999
[rows 120 to 143 of 287, columns 108 to 161 of 283]
2.9053082466125488281 2.3049399852752685547 2.2534518241882324219 2.1852016448974609375 3.5466225147247314453 2.9482610225677490234 3.5384097099304199219 2.3366658687591552734 2.4496457576751708984 2.1303834915161132812 2.4673590660095214844 2.5508444309234619141 2.3958525657653808594 1.98386383056640625 2.0574693679809570312 2.0941269397735595703 2.4654555320739746094 3.2839517593383789062 4.9271254539489746094 9.9489116668701171875 11.465735435485839844 11.465382575988769531 16.408605575561523438 16.428750991821289062 15.384547233581542969 10.134699821472167969 9.4368085861206054688 7.1401457786560058594 16.324573516845703125 13.127788543701171875 12.000279426574707031 12.586498260498046875 8.3687810897827148438 4.3499851226806640625 2.769001007080078125 3.6290302276611328125 4.0069365501403808594 2.7591710090637207031 4.4844484329223632812 4.9926838874816894531 8.90438079833984375 15.557457923889160156 12.16532135009765625 16.177812576293945312 10.884222984313964844 11.675188064575195312 6.1537866592407226562 2.9238462448120117188 4.7410898208618164062 12.350153923034667969 8.6326074600219726562 5.6872720718383789062 4.6973247528076171875 2.4314389228820800781
4.0903744697570800781 2.8551466464996337891 3.1027727127075195312 2.6996707916259765625 2.1190497875213623047 2.1507892608642578125 2.1092267036437988281 2.0938353538513183594 2.0412795543670654297 2.490825653076171875 5.2260065078735351562 2.5371568202972412109 2.05542755126953125 1.9957489967346191406 2.3645114898681640625 2.1949458122253417969 3.7992053031921386719 2.920146942138671875 5.3156032562255859375 12.09096527099609375 17.37325286865234375 14.321030616760253906 6.8864827156066894531 10.066388130187988281 15.728144645690917969 7.7208232879638671875 10.195875167846679688 11.335283279418945312 10.2883758544921875 14.870610237121582031 17.0394287109375 15.493187904357910156 7.7536883354187011719 4.5365619659423828125 2.5350184440612792969 3.2142984867095947266 3.8041398525238037109 3.5402348041534423828 5.0797867774963378906 15.638857841491699219 14.285661697387695312 10.343646049499511719 11.208334922790527344 10.156517982482910156 12.797458648681640625 16.98925018310546875 14.26654815673828125 6.1336660385131835938 3.1550061702728271484 4.1329197883605957031 3.2180845737457275391 2.8723461627960205078 3.4076759815216064453 -9999
2.1811091899871826172 6.8300943374633789062 3.7237849235534667969 3.1442980766296386719 3.1028380393981933594 2.8124334812164306641 2.7867696285247802734 1.9909648895263671875 2.1880934238433837891 5.4832353591918945312 6.81067657470703125 5.4602060317993164062 1.9671789407730102539 2.2027351856231689453 2.5500257015228271484 2.0861127376556396484 2.2180209159851074219 2.4415526390075683594 2.6583564281463623047 4.2912621498107910156 5.5482802391052246094 15.551251411437988281 12.259593963623046875 7.7054576873779296875 9.7657136917114257812 7.8074345588684082031 7.4849066734313964844 10.520673751831054688 11.326367378234863281 10.0238189697265625 10.546902656555175781 14.012505531311035156 6.0909533500671386719 4.539539337158203125 2.4848020076751708984 3.9382922649383544922 2.9748768806457519531 4.9161357879638671875 10.660126686096191406 15.230336189270019531 5.8396248817443847656 6.4094395637512207031 6.7741570472717285156 10.49774932861328125 12.460422515869140625 19.048601150512695312 13.462668418884277344 2.8871343135833740234 3.1106915473937988281 5.4197926521301269531 13.308401107788085938 7.0284028053283691406 -9999 -9999
2.2800934314727783203 3.7708230018615722656 3.3929960727691650391 4.4628405570983886719 4.1886072158813476562 3.6496036052703857422 2.3873648643493652344 2.2640213966369628906 7.7494444847106933594 3.2607800960540771484 3.4412903785705566406 5.2225971221923828125 2.0090358257293701172 2.1618175506591796875 2.1726751327514648438 2.0873966217041015625 2.3200547695159912109 2.9436442852020263672 2.6552290916442871094 2.7200765609741210938 3.7691411972045898438 4.9641752243041992188 7.1243977546691894531 16.476642608642578125 8.8375453948974609375 5.150211334228515625 9.9484043121337890625 14.18160247802734375 11.552583694458007812 11.682069778442382812 12.749608993530273438 9.825901031494140625 14.321779251098632812 5.2708578109741210938 2.6823484897613525391 2.5932726860046386719 3.3834538459777832031 2.5320181846618652344 5.3835573196411132812 15.574094772338867188 12.328503608703613281 8.4454565048217773438 -9999 3.5516750812530517578 7.0541720390319824219 7.2203888893127441406 11.788084030151367188 3.0480065345764160156 5.7796339988708496094 13.245139122009277344 20.391849517822265625 9.4781198501586914062 9.290069580078125 -9999
3.4189279079437255859 2.8805873394012451172 2.607807159423828125 2.2943615913391113281 2.4260668754577636719 3.4703423976898193359 2.8367655277252197266 2.5137591361999511719 5.810962677001953125 4.3871483802795410156 3.0340692996978759766 3.2795195579528808594 3.3349006175994873047 2.3045806884765625 2.3546049594879150391 2.1460742950439453125 2.1700417995452880859 2.5733892917633056641 2.9227390289306640625 2.2714095115661621094 2.4878754615783691406 3.4018738269805908203 4.2243838310241699219 15.783664703369140625 18.228536605834960938 6.2345743179321289062 11.338314056396484375 12.254647254943847656 11.982275962829589844 14.903301239013671875 10.206912994384765625 8.7671842575073242188 4.9090795516967773438 3.3145625591278076172 2.4545538425445556641 3.3084590435028076172 3.1371185779571533203 2.3675646781921386719 4.7765779495239257812 16.898229598999023438 14.870471954345703125 7.0008063316345214844 -9999 -9999 6.8342328071594238281 5.7881655693054199219 19.815877914428710938 12.331635475158691406 3.0251474380493164062 4.1347651481628417969 8.76627349853515625 5.6369957923889160156 5.6748538017272949219 -9999
7.3119335174560546875 2.1589219570159912109 2.2923748493194580078 2.0862412452697753906 2.3365814685821533203 2.4716842174530029297 2.565654754638671875 4.4876461029052734375 4.3571882247924804688 4.5573282241821289062 5.8232846260070800781 3.3949935436248779297 3.2905435562133789062 2.4141330718994140625 2.3330016136169433594 2.5410592555999755859 2.6057784557342529297 2.4390721321105957031 2.9326043128967285156 2.2754299640655517578 2.2257165908813476562 2.3185701370239257812 3.5983762741088867188 4.113491058349609375 9.09816741943359375 11.787481307983398438 14.463167190551757812 16.495573043823242188 12.574181556701660156 17.723560333251953125 6.3196201324462890625 4.8614430427551269531 3.0773873329162597656 2.6318633556365966797 2.1891398429870605469 3.0096774101257324219 3.1335670948028564453 2.4132997989654541016 4.1560034751892089844 4.5369448661804199219 13.457495689392089844 -9999 -9999 -9999 4.0483303070068359375 4.543384552001953125 4.6938714981079101562 3.6127488613128662109 3.9749701023101806641 18.563310623168945312 19.434862136840820312 4.4994025230407714844 -9999 -9999
8.836887359619140625 5.4405045509338378906 2.2194969654083251953 2.9833710193634033203 2.1748776435852050781 2.0437245368957519531 4.6344399452209472656 3.8771257400512695312 3.8677017688751220703 5.2138519287109375 5.7458901405334472656 3.4743409156799316406 3.6274237632751464844 2.2588472366333007812 2.5454709529876708984 2.1100938320159912109 2.1705460548400878906 2.3532886505126953125 2.1660451889038085938 2.2186493873596191406 2.1999380588531494141 2.2679345607757568359 2.3092181682586669922 2.4864182472229003906 3.5159144401550292969 6.0246143341064453125 5.4078927040100097656 15.145821571350097656 9.4318180084228515625 4.6993021965026855469 4.4503240585327148438 3.0227270126342773438 2.5512373447418212891 2.0365498065948486328 2.7625517845153808594 2.9855892658233642578 2.9668135643005371094 2.4597263336181640625 3.1193807125091552734 5.45793914794921875 5.8940906524658203125 -9999 -9999 -9999 19.040821075439453125 3.3929703235626220703 2.9839611053466796875 3.5350203514099121094 6.0359635353088378906 -9999 -9999 -9999 -9999 -9999
6.4098992347717285156 5.4382781982421875 5.8199839591979980469 6.7599062919616699219 4.7174472808837890625 4.7974061965942382812 2.8772382736206054688 3.5726439952850341797 3.4816429615020751953 3.8401966094970703125 3.5864014625549316406 4.0257697105407714844 4.5097398757934570312 2.4055383205413818359 2.7413227558135986328 2.1183276176452636719 2.3459932804107666016 2.1908392906188964844 2.1646938323974609375 2.3939220905303955078 2.4354345798492431641 2.5376834869384765625 2.74912261962890625 2.4094922542572021484 2.1832997798919677734 2.3966872692108154297 2.9112219810485839844 6.7590546607971191406 4.4479236602783203125 3.538330078125 2.6380965709686279297 2.276027679443359375 2.0028443336486816406 2.0047676563262939453 1.995258331298828125 2.1231026649475097656 2.8934895992279052734 2.2901988029479980469 -9999 -9999 -9999 -9999 -9999 -9999 5.9570627212524414062 3.3412652015686035156 4.2160601615905761719 5.2011818885803222656 -9999 -9999 -9999 -9999 -9999 -9999
5.3047585487365722656 6.3816285133361816406 10.328186988830566406 23.0200042724609375 14.986973762512207031 7.4887523651123046875 4.9279265403747558594 4.739742279052734375 4.7879385948181152344 3.2841765880584716797 2.7537722587585449219 2.6902747154235839844 4.4014425277709960938 2.7029860019683837891 2.1761744022369384766 2.3932702541351318359 2.54761505126953125 2.4361143112182617188 2.6494367122650146484 2.2339053153991699219 3.1561064720153808594 3.0690326690673828125 3.1510839462280273438 3.419506072998046875 4.5994091033935546875 2.9601438045501708984 2.2985825538635253906 2.8198397159576416016 3.3330276012420654297 2.9027495384216308594 2.1571059226989746094 2.0861647129058837891 2.1548883914947509766 2.0270991325378417969 1.858264923095703125 2.0996999740600585938 2.4551408290863037109 2.1831355094909667969 -9999 -9999 -9999 -9999 -9999 -9999 -9999 -9999 -9999 -9999 -9999 -9999 -9999 -9999 -9999 -9999
6.6135759353637695312 11.918792724609375 12.276807785034179688 8.4059476852416992188 7.8191695213317871094 8.9394044876098632812 15.330563545227050781 7.0403771400451660156 23.067188262939453125 6.4049067497253417969 4.6194434165954589844 4.4730296134948730469 3.5359039306640625 2.5637624263763427734 2.3124482631683349609 2.0961079597473144531 1.9619891643524169922 1.9787704944610595703 2.4221677780151367188 2.1361267566680908203 2.3643829822540283203 2.3738567829132080078 2.2686707973480224609 2.8873775005340576172 2.1205816268920898438 2.3298017978668212891 2.0850832462310791016 2.2514958381652832031 3.7268683910369873047 3.8060455322265625 3.1287870407104492188 2.8255627155303955078 1.9893910884857177734 1.8991552591323852539 1.9687813520431518555 1.9818309545516967773 2.0709836483001708984 -9999 -9999 -9999 -9999 -9999 -9999 -9999 -9999 -9999 -9999 -9999 -9999 -9999 -9999 -9999 -9999 -9999
14.205842971801757812 9.63875579833984375 5.9969339370727539062 6.6847410202026367188 12.945450782775878906 3.9980216026306152344 4.6564483642578125 8.8530645370483398438 -9999 23.257974624633789062 13.856435775756835938 5.121067047119140625 4.7053894996643066406 3.9254727363586425781 4.7199044227600097656 4.646434783935546875 2.71395111083984375 2.040241241455078125 1.9814102649688720703 -9999 2.1197793483734130859 2.3639166355133056641 2.1760249137878417969 2.1430487632751464844 2.2583997249603271484 2.6569154262542724609 2.6211764812469482422 2.1421010494232177734 2.8184635639190673828 4.48193359375 7.237819671630859375 3.6491777896881103516 1.9241616725921630859 2.1346933841705322266 2.1286623477935791016 1.9726282358169555664 2.1622097492218017578 3.0233666896820068359 -9999 -9999 -9999 -9999 -9999 -9999 -9999 -9999 -9999 -9999 -9999 -9999 -9999 -9999 -9999 -9999
9.1285314559936523438 7.6528902053833007812 7.3141927719116210938 9.7916736602783203125 4.8952231407165527344 6.0760211944580078125 16.031036376953125 5.0053000450134277344 11.500021934509277344 8.9718980789184570312 4.07061767578125 4.1262660026550292969 22.233112335205078125 7.5366511344909667969 9.072437286376953125 3.3161387443542480469 2.7682168483734130859 2.904911041259765625 2.1533234119415283203 2.2518723011016845703 2.3461558818817138672 2.1263499259948730469 2.1713309288024902344 2.1557133197784423828 2.5576333999633789062 3.2244679927825927734 -9999 2.1276762485504150391 2.2269937992095947266 2.6045448780059814453 3.7730505466461181641 2.7064726352691650391 2.6417202949523925781 2.0464673042297363281 2.0171303749084472656 2.97621917724609375 3.2150027751922607422 -9999 -9999 -9999 -9999 -9999 -9999 -9999 -9999 -9999 -9999 -9999 -9999 -9999 -9999 -9999 -9999 -9999
6.4052872657775878906 9.1246204376220703125 12.688266754150390625 9.8329248428344726562 5.1385722160339355469 9.7341871261596679688 6.5707917213439941406 6.2116994857788085938 8.3356504440307617188 6.2682862281799316406 4.130062103271484375 7.5752034187316894531 9.2410783767700195312 6.9132561683654785156 11.202404975891113281 9.0017490386962890625 3.6723618507385253906 2.6810216903686523438 2.2728583812713623047 2.3165490627288818359 2.286045074462890625 2.4518599510192871094 2.1875042915344238281 2.1378948688507080078 2.3728463649749755859 2.5840353965759277344 2.8718221187591552734 3.5370883941650390625 3.0865995883941650391 2.2641279697418212891 2.1537351608276367188 2.0776684284210205078 -9999 -9999 -9999 -9999 2.1484086513519287109 -9999 -9999 -9999 -9999 -9999 -9999 -9999 -9999 -9999 -9999 -9999 -9999 -9999 -9999 -9999 -9999 -9999
11.941532135009765625 12.398479461669921875 13.264651298522949219 5.87441253662109375 5.9124727249145507812 6.3424124717712402344 8.0035810470581054688 6.5587978363037109375 7.91571807861328125 3.5181169509887695312 10.424315452575683594 12.046545982360839844 8.0511322021484375 5.1688313484191894531 7.7762608528137207031 2.6931378841400146484 12.775105476379394531 7.7962369918823242188 5.4493594169616699219 5.3140931129455566406 2.0457539558410644531 2.0033116340637207031 2.6853480339050292969 2.4801800251007080078 2.3514869213104248047 2.8722519874572753906 2.9757339954376220703 3.5638699531555175781 3.4495122432708740234 3.295482635498046875 2.8923387527465820312 -9999 -9999 -9999 -9999 -9999 -9999 -9999 -9999 -9999 -9999 -9999 -9999 -9999 -9999 -9999 -9999 -9999 -9999 -9999 -9999 -9999 -9999 -9999
18.63881683349609375 14.16489410400390625 6.405803680419921875 9.097339630126953125 18.542387008666992188 9.2556371688842773438 8.53688812255859375 7.8001298904418945312 4.0084357261657714844 7.1535787582397460938 6.9315218925476074219 7.1263623237609863281 4.8023514747619628906 4.3667883872985839844 3.9975111484527587891 3.8024113178253173828 12.894977569580078125 9.1620693206787109375 11.151024818420410156 3.5227441787719726562 2.2976772785186767578 2.3943264484405517578 2.0200889110565185547 2.0112352371215820312 2.0919651985168457031 2.6829056739807128906 3.3761632442474365234 3.6807918548583984375 3.3472275733947753906 3.3256554603576660156 2.1160902976989746094 2.7321436405181884766 2.7532384395599365234 -9999 -9999 -9999 -9999 -9999 -9999 -9999 -9999 -9999 -9999 -9999 -9999 -9999 -9999 -9999 -9999 -9999 -9999 -9999 -9999 -9999
15.208477020263671875 6.9046998023986816406 4.5543146133422851562 12.720509529113769531 15.698477745056152344 15.370781898498535156 13.237796783447265625 14.794969558715820312 7.6613764762878417969 9.2704305648803710938 7.6731200218200683594 6.3881025314331054688 5.3442349433898925781 7.993068695068359375 11.660422325134277344 6.0728206634521484375 5.5495219230651855469 6.8904361724853515625 8.5754833221435546875 4.9247841835021972656 3.7616152763366699219 2.7995395660400390625 2.3042850494384765625 2.1471836566925048828 2.3132898807525634766 2.3205025196075439453 2.3097364902496337891 2.4369642734527587891 2.4273920059204101562 2.3983783721923828125 2.3666393756866455078 2.8444857597351074219 2.8693692684173583984 -9999 -9999 -9999 -9999 -9999 -9999 -9999 -9999 -9999 -9999 -9999 -9999 -9999 -9999 -9999 -9999 -9999 -9999 -9999 -9999 -9999
15.568911552429199219 13.215802192687988281 4.6679229736328125 4.0594983100891113281 4.3465304374694824219 6.2655043601989746094 9.8149290084838867188 11.326037406921386719 7.9378314018249511719 10.065417289733886719 17.839752197265625 22.934368133544921875 14.133852005004882812 13.501116752624511719 8.8235731124877929688 5.673862457275390625 3.1571860313415527344 5.8120274543762207031 5.4068136215209960938 4.4907774925231933594 8.6071157455444335938 9.9777736663818359375 5.1195998191833496094 3.9624040126800537109 4.5037622451782226562 5.4399156570434570312 2.8789060115814208984 2.2170305252075195312 3.1158759593963623047 3.1717007160186767578 4.2563319206237792969 -9999 -9999 -9999 -9999 -9999 -9999 -9999 -9999 -9999 -9999 -9999 -9999 -9999 -9999 -9999 -9999 -9999 -9999 -9999 -9999 -9999 -9999 -9999
16.4965362548828125 16.604816436767578125 5.927295684814453125 3.0232694149017333984 4.0928845405578613281 3.5832247734069824219 4.3839502334594726562 4.2092823982238769531 6.9118885993957519531 9.5799512863159179688 9.2968435287475585938 11.0534820556640625 10.44794464111328125 6.5524115562438964844 12.319521903991699219 8.185207366943359375 4.6459565162658691406 3.7815248966217041016 3.7322828769683837891 2.8916168212890625 6.8698244094848632812 13.386354446411132812 12.188748359680175781 5.0854630470275878906 14.767254829406738281 12.245777130126953125 3.8448112010955810547 2.9853012561798095703 2.6344277858734130859 2.5297214984893798828 2.4498283863067626953 -9999 -9999 -9999 -9999 -9999 -9999 -9999 -9999 -9999 -9999 -9999 -9999 -9999 -9999 -9999 -9999 -9999 -9999 -9999 -9999 -9999 -9999 -9999
5.922954559326171875 5.7409963607788085938 6.136638641357421875 3.2751545906066894531 3.2780930995941162109 3.4116778373718261719 3.4408609867095947266 3.1605565547943115234 5.1907806396484375 7.7515115737915039062 6.8605084419250488281 7.7749018669128417969 6.0770902633666992188 9.0705471038818359375 10.417090415954589844 8.163043975830078125 5.5049314498901367188 4.4739837646484375 2.5147070884704589844 2.7334706783294677734 5.8795809745788574219 12.471039772033691406 13.206757545471191406 5.5165476799011230469 4.9894723892211914062 2.9270102977752685547 6.1473560333251953125 4.2455258369445800781 4.5629963874816894531 3.8870873451232910156 4.9999399185180664062 -9999 -9999 -9999 -9999 -9999 -9999 -9999 -9999 -9999 -9999 -9999 -9999 -9999 -9999 -9999 -9999 -9999 -9999 -9999 -9999 -9999 -9999 -9999
3.3549487590789794922 4.42766571044921875 3.2255222797393798828 3.5534195899963378906 5.2615098953247070312 7.064212799072265625 5.0946774482727050781 5.833282470703125 3.2524676322937011719 4.8845791816711425781 7.3638477325439453125 7.902675628662109375 4.9728264808654785156 10.708172798156738281 7.44565582275390625 5.7694950103759765625 6.8715920448303222656 5.2739710807800292969 4.5661377906799316406 2.7022588253021240234 3.9317495822906494141 5.6614909172058105469 8.7011537551879882812 6.7233548164367675781 5.9921154975891113281 8.2167835235595703125 6.3186063766479492188 16.59609222412109375 15.196643829345703125 15.013608932495117188 8.029392242431640625 -9999 -9999 -9999 -9999 -9999 -9999 -9999 -9999 -9999 -9999 -9999 -9999 -9999 -9999 -9999 -9999 -9999 -9999 -9999 -9999 -9999 -9999 -9999
8.6317853927612304688 3.7912180423736572266 5.7071299552917480469 5.7224345207214355469 7.9662289619445800781 7.3019361495971679688 2.8590815067291259766 5.3771710395812988281 4.5975842475891113281 6.9770517349243164062 6.5093188285827636719 7.3818759918212890625 5.9419512748718261719 4.5960674285888671875 5.8354086875915527344 2.9197070598602294922 5.6144957542419433594 9.29801177978515625 10.25049591064453125 5.7194728851318359375 2.5013768672943115234 3.6132056713104248047 8.0737352371215820312 5.7715911865234375 15.051985740661621094 9.6963491439819335938 7.1349763870239257812 2.9754331111907958984 10.128350257873535156 7.2041316032409667969 8.3179826736450195312 7.3686046600341796875 -9999 -9999 -9999 -9999 -9999 -9999 -9999 -9999 -9999 -9999 -9999 -9999 -9999 -9999 -9999 -9999 -9999 -9999 -9999 -9999 -9999 -9999
4.362033843994140625 3.5847909450531005859 4.7547283172607421875 3.2084128856658935547 8.491687774658203125 5.3206067085266113281 2.5114982128143310547 4.0968990325927734375 5.6929326057434082031 6.7807283401489257812 8.8065633773803710938 5.0663685798645019531 4.7619662284851074219 7.2525944709777832031 3.8504097461700439453 10.040956497192382812 6.3137249946594238281 7.1797289848327636719 4.8000712394714355469 4.3833689689636230469 2.9673550128936767578 4.3044323921203613281 2.5984899997711181641 4.9789981842041015625 7.6910023689270019531 14.69266510009765625 13.165524482727050781 3.654674530029296875 4.5832047462463378906 7.7313337326049804688 9.4246168136596679688 6.8227624893188476562 7.9485421180725097656 11.9611968994140625 14.71306610107421875 -9999 -9999 -9999 -9999 -9999 -9999 -9999 -9999 -9999 -9999 -9999 -9999 -9999 -9999 -9999 -9999 -9999 -9999 -9999
9.25543975830078125 9.4681348800659179688 2.8999395370483398438 2.8613965511322021484 2.6672334671020507812 2.8175587654113769531 3.4854223728179931641 6.0840663909912109375 15.993580818176269531 13.476008415222167969 12.846219062805175781 3.4671857357025146484 15.279531478881835938 12.593423843383789062 8.9024515151977539062 12.183217048645019531 13.321839332580566406 13.352910041809082031 12.713140487670898438 8.1561298370361328125 5.3418822288513183594 2.8996653556823730469 5.2438230514526367188 2.7985036373138427734 3.4715647697448730469 6.2141208648681640625 14.408376693725585938 5.1076159477233886719 6.9877276420593261719 8.9578561782836914062 7.8841772079467773438 10.22394561767578125 8.6820268630981445312 13.18581390380859375 15.565390586853027344 -9999 -9999 -9999 -9999 -9999 -9999 -9999 -9999 -9999 -9999 -9999 -9999 -9999 -9999 -9999 -9999 -9999 -9999 -9999
3.6310036182403564453 3.2373423576354980469 2.4071984291076660156 3.6245818138122558594 6.1797585487365722656 4.0738587379455566406 5.9695458412170410156 9.5582942962646484375 11.779254913330078125 12.927248001098632812 3.0807566642761230469 5.6570687294006347656 11.382420539855957031 11.673108100891113281 6.0587797164916992188 6.6342639923095703125 6.4438190460205078125 6.2156748771667480469 5.533390045166015625 7.1538367271423339844 4.7968640327453613281 6.4803247451782226562 3.6019296646118164062 5.8406190872192382812 3.2550394535064697266 6.4341945648193359375 8.223766326904296875 15.241459846496582031 9.8005647659301757812 8.8798971176147460938 8.688152313232421875 6.905941009521484375 8.86565399169921875 4.0308427810668945312 -9999 -9999 -9999 -9999 -9999 -9999 -9999 -9999 -9999 -9999 -9999 -9999 -9999 -9999 -9999 -9999 -9999 -9999 -9999 -9999
