data/germany/gwl-min_1000_25832_etrs89-utm32.asc
ncols        283
nrows        287
xllcorner    640492.098854022799
yllcorner    5679606.173605500720
cellsize     1000.000000000000
NODATA_value  -9999
[rows 216 to 239 of 287, columns 216 to 269 of 283]
1.3423026800155639648 1.3366823196411132812 1.7147924900054931641 2.2892460823059082031 1.7848720550537109375 1.2839090824127197266 2.2040591239929199219 2.1507897377014160156 2.7650797367095947266 2.8341767787933349609 -9999 -9999 -9999 -9999 4.6613750457763671875 2.255176544189453125 6.5442423820495605469 2.7313590049743652344 7.6610913276672363281 9.583515167236328125 10.747963905334472656 12.883351325988769531 14.252799034118652344 11.339990615844726562 7.6136903762817382812 7.6136903762817382812 7.7122340202331542969 8.216342926025390625 4.9365720748901367188 2.0159049034118652344 1.4564925432205200195 1.4959257841110229492 1.7198598384857177734 -9999 -9999 -9999 -9999 -9999 -9999 -9999 -9999 -9999 -9999 -9999 -9999 -9999 -9999 -9999 -9999 -9999 -9999 -9999 -9999 -9999
1.5313267707824707031 1.4018933773040771484 1.5681922435760498047 1.3759320974349975586 1.8176019191741943359 1.7502919435501098633 2.2359621524810791016 2.3244829177856445312 -9999 -9999 -9999 -9999 -9999 -9999 5.4479732513427734375 3.0224542617797851562 2.9732062816619873047 2.3529775142669677734 4.5685725212097167969 7.0210466384887695312 10.941431999206542969 10.941431999206542969 13.381169319152832031 12.885489463806152344 9.20130157470703125 4.8504424095153808594 9.343097686767578125 7.5638651847839355469 7.5802235603332519531 4.1820816993713378906 1.5647603273391723633 1.5117207765579223633 1.6610491275787353516 -9999 -9999 -9999 -9999 -9999 -9999 -9999 -9999 -9999 -9999 -9999 -9999 -9999 -9999 -9999 -9999 -9999 -9999 -9999 -9999 -9999
2.3870663642883300781 1.8777849674224853516 1.5189491510391235352 1.7243181467056274414 1.7084237337112426758 1.9025439023971557617 2.1237185001373291016 3.1071026325225830078 4.0391855239868164062 -9999 -9999 -9999 -9999 -9999 5.2523431777954101562 7.0919795036315917969 6.816577911376953125 6.816577911376953125 2.864543914794921875 2.8436188697814941406 6.8118700981140136719 1.9571280479431152344 2.6043148040771484375 2.8286788463592529297 3.9017469882965087891 6.1854615211486816406 8.5303707122802734375 8.2784490585327148438 6.2849254608154296875 4.6474218368530273438 1.9656701087951660156 1.4794329404830932617 2.3545672893524169922 -9999 -9999 -9999 -9999 -9999 -9999 -9999 -9999 -9999 -9999 -9999 -9999 -9999 -9999 -9999 -9999 -9999 -9999 -9999 -9999 -9999
8.0814027786254882812 2.6239576339721679688 1.9046555757522583008 1.6397289037704467773 2.0828340053558349609 2.1115434169769287109 2.3854579925537109375 7.6486711502075195312 10.097243309020996094 10.121557235717773438 -9999 -9999 -9999 -9999 -9999 2.2358100414276123047 4.61269378662109375 5.7844829559326171875 5.32181549072265625 3.5915393829345703125 4.7201495170593261719 4.1608171463012695312 15.026865959167480469 16.189189910888671875 10.049775123596191406 10.305624008178710938 5.0858049392700195312 6.0129079818725585938 7.4965777397155761719 7.6627535820007324219 4.7405300140380859375 2.1306633949279785156 1.9072474241256713867 -9999 -9999 -9999 -9999 -9999 -9999 -9999 -9999 -9999 -9999 -9999 -9999 -9999 -9999 -9999 -9999 -9999 -9999 -9999 -9999 -9999
8.4051656723022460938 5.4369378089904785156 2.0237972736358642578 1.7748029232025146484 2.1210424900054931641 2.0501780509948730469 2.7518062591552734375 2.7683005332946777344 2.8339378833770751953 2.8339378833770751953 3.0118949413299560547 -9999 5.7147965431213378906 -9999 1.7963206768035888672 4.2697978019714355469 3.5968019962310791016 3.9638223648071289062 4.4188981056213378906 6.6193175315856933594 5.0539274215698242188 1.8838512897491455078 3.4066808223724365234 5.0230183601379394531 4.7666077613830566406 10.6648101806640625 12.751733779907226562 4.4080648422241210938 4.1780786514282226562 5.5210542678833007812 4.6320466995239257812 1.9598269462585449219 1.9476965665817260742 -9999 -9999 -9999 -9999 -9999 -9999 -9999 -9999 -9999 -9999 -9999 -9999 -9999 -9999 -9999 -9999 -9999 -9999 -9999 -9999 -9999
7.4518685340881347656 4.0191121101379394531 2.4988956451416015625 2.6071591377258300781 3.7544808387756347656 3.7544808387756347656 2.6455929279327392578 2.8495872020721435547 3.4740476608276367188 4.5426592826843261719 3.9409060478210449219 -9999 -9999 2.1847658157348632812 2.7538659572601318359 7.8568387031555175781 3.5481135845184326172 1.9124631881713867188 2.8945779800415039062 9.0829563140869140625 8.82271575927734375 2.0569064617156982422 2.5327274799346923828 6.6109132766723632812 8.66744232177734375 10.954006195068359375 8.2152309417724609375 5.7464275360107421875 2.6750922203063964844 1.4877309799194335938 1.9449759721755981445 1.7962498664855957031 2.0878899097442626953 2.7905116081237792969 -9999 -9999 -9999 -9999 -9999 -9999 -9999 -9999 -9999 -9999 -9999 -9999 -9999 -9999 -9999 -9999 -9999 -9999 -9999 -9999
4.5890107154846191406 1.8663947582244873047 1.8663947582244873047 4.6785178184509277344 9.5389547348022460938 4.3480963706970214844 8.67302703857421875 4.0272774696350097656 4.3123073577880859375 5.1896834373474121094 7.3103289604187011719 8.5078639984130859375 -9999 1.7549250125885009766 1.437443852424621582 3.8645558357238769531 1.2665550708770751953 1.1562616825103759766 1.4699587821960449219 9.638401031494140625 7.8070631027221679688 2.8127133846282958984 1.8825532197952270508 4.5792565345764160156 11.152811050415039062 7.5785307884216308594 7.63878631591796875 5.3538541793823242188 3.3956596851348876953 2.9535920619964599609 2.1113183498382568359 1.4428806304931640625 1.4145379066467285156 -9999 -9999 -9999 -9999 -9999 -9999 -9999 -9999 -9999 -9999 -9999 -9999 -9999 -9999 -9999 -9999 -9999 -9999 -9999 -9999 -9999
4.542438507080078125 2.5192077159881591797 2.3588318824768066406 6.2931885719299316406 11.522823333740234375 9.1570568084716796875 8.1599264144897460938 3.4558637142181396484 5.1059403419494628906 8.9546270370483398438 10.012194633483886719 7.22808837890625 6.3888940811157226562 -9999 1.4790251255035400391 1.2648562192916870117 1.693356633186340332 1.1579581499099731445 1.3423775434494018555 7.3523755073547363281 4.9421401023864746094 1.9174698591232299805 1.9615256786346435547 6.3383336067199707031 10.68619537353515625 8.27400970458984375 6.00905609130859375 5.4097638130187988281 7.9173173904418945312 7.9609799385070800781 1.7075521945953369141 1.9749544858932495117 1.6985002756118774414 1.9156326055526733398 3.6589746475219726562 -9999 -9999 -9999 -9999 -9999 -9999 -9999 -9999 -9999 -9999 -9999 -9999 -9999 -9999 -9999 -9999 -9999 -9999 -9999
4.1173052787780761719 2.3086609840393066406 2.3744478225708007812 5.0039300918579101562 9.633144378662109375 6.82863616943359375 7.2026171684265136719 5.2206425666809082031 6.0338931083679199219 10.536379814147949219 14.051741600036621094 6.9988512992858886719 4.4442610740661621094 3.0008020401000976562 1.5622074604034423828 1.3811219930648803711 1.2941329479217529297 1.5477167367935180664 1.7011781930923461914 7.0538506507873535156 1.5973466634750366211 6.1718344688415527344 2.0910995006561279297 1.6602327823638916016 2.3355619907379150391 7.8409361839294433594 5.2947258949279785156 3.5697600841522216797 5.3182349205017089844 7.9116535186767578125 1.562144160270690918 2.0185091495513916016 1.7156946659088134766 1.9329453706741333008 3.1022486686706542969 7.2171659469604492188 -9999 -9999 -9999 -9999 -9999 -9999 -9999 -9999 -9999 -9999 -9999 -9999 -9999 -9999 -9999 -9999 -9999 -9999
2.1126949787139892578 1.4583410024642944336 2.7317574024200439453 3.7522785663604736328 8.045238494873046875 6.0996050834655761719 5.2204890251159667969 8.013031005859375 13.29718017578125 11.28377532958984375 7.4442873001098632812 9.0439977645874023438 3.1256284713745117188 2.2236225605010986328 4.1709637641906738281 1.7496519088745117188 1.5414996147155761719 1.2146836519241333008 4.4178113937377929688 4.2684106826782226562 1.4236153364181518555 4.2499012947082519531 11.068095207214355469 2.8159286975860595703 2.9146831035614013672 2.5751755237579345703 2.3735272884368896484 3.235443115234375 4.5545549392700195312 7.6525411605834960938 1.9706931114196777344 1.9576905965805053711 1.7096781730651855469 1.794392704963684082 3.1079149246215820312 6.0831937789916992188 10.81064605712890625 8.739345550537109375 -9999 -9999 -9999 -9999 -9999 -9999 -9999 -9999 -9999 -9999 -9999 -9999 -9999 -9999 -9999 -9999
3.7347979545593261719 2.0626375675201416016 2.7232348918914794922 3.7097723484039306641 4.271121978759765625 4.2681875228881835938 4.1995453834533691406 3.5876309871673583984 4.4285631179809570312 8.2932825088500976562 14.851412773132324219 2.9757301807403564453 -9999 1.7553817033767700195 7.814334869384765625 1.1141309738159179688 1.5010076761245727539 2.4205408096313476562 7.8294777870178222656 5.7580356597900390625 1.144402623176574707 1.7725670337677001953 8.5744476318359375 2.3555223941802978516 3.156276702880859375 2.9171543121337890625 2.0531125068664550781 1.8545058965682983398 1.6212257146835327148 1.6462191343307495117 1.9607417583465576172 1.9620387554168701172 3.0521376132965087891 2.5281538963317871094 4.2896375656127929688 3.9037630558013916016 3.8920164108276367188 3.8920164108276367188 5.8582401275634765625 -9999 -9999 -9999 -9999 -9999 -9999 -9999 -9999 -9999 -9999 -9999 -9999 -9999 -9999 -9999
6.9588780403137207031 7.0772876739501953125 2.6093816757202148438 5.8743643760681152344 4.7589383125305175781 1.8697720766067504883 2.8440508842468261719 5.7011384963989257812 11.544839859008789062 11.562106132507324219 5.8422746658325195312 2.6895434856414794922 2.0898995399475097656 6.2700467109680175781 7.5694437026977539062 5.47521209716796875 1.2172162532806396484 2.3615124225616455078 4.1402096748352050781 2.0586111545562744141 1.2760021686553955078 1.7898260354995727539 3.3695857524871826172 1.8074582815170288086 3.7143814563751220703 5.6939039230346679688 4.410900115966796875 4.5479898452758789062 2.2517888545989990234 2.4365279674530029297 1.2170101404190063477 4.0651836395263671875 2.4769279956817626953 3.0718746185302734375 4.6602272987365722656 5.441967010498046875 6.3728876113891601562 5.986263275146484375 6.03275299072265625 -9999 -9999 -9999 -9999 -9999 -9999 -9999 -9999 -9999 -9999 -9999 -9999 -9999 -9999 -9999
11.33734893798828125 8.8466691970825195312 7.4324984550476074219 2.1120398044586181641 2.4691982269287109375 2.9935042858123779297 3.7304604053497314453 11.79236602783203125 7.8775234222412109375 8.966785430908203125 7.0865869522094726562 3.5610640048980712891 2.6896111965179443359 11.133591651916503906 8.3769426345825195312 8.35633087158203125 1.2200803756713867188 2.1009452342987060547 4.2586712837219238281 1.4768549203872680664 1.980719447135925293 2.7848029136657714844 2.8299005031585693359 2.4245688915252685547 2.7041361331939697266 12.045106887817382812 6.370685577392578125 6.42474365234375 4.9389352798461914062 1.9976353645324707031 1.9976353645324707031 1.9705077409744262695 4.5247716903686523438 3.3198504447937011719 5.7881946563720703125 5.9871540069580078125 7.4947414398193359375 4.5789422988891601562 5.6186957359313964844 5.471370697021484375 -9999 -9999 -9999 -9999 -9999 -9999 -9999 -9999 -9999 -9999 -9999 -9999 -9999 -9999
3.2043664455413818359 9.2430639266967773438 2.7879178524017333984 2.7305934429168701172 7.5759377479553222656 4.5241379737854003906 11.666661262512207031 9.3228826522827148438 8.1837444305419921875 5.3877005577087402344 2.968425750732421875 10.204130172729492188 4.1064729690551757812 5.3934102058410644531 7.5623908042907714844 4.9879498481750488281 1.1245748996734619141 1.4273833036422729492 4.1641712188720703125 1.1978740692138671875 1.980719447135925293 2.3814427852630615234 3.4462785720825195312 3.9344453811645507812 3.9142298698425292969 4.7701077461242675781 4.7701077461242675781 9.4151906967163085938 7.7647571563720703125 6.9500589370727539062 1.3301962614059448242 2.3527181148529052734 2.2676167488098144531 4.5466985702514648438 7.2825446128845214844 6.0677428245544433594 7.4122400283813476562 6.0630540847778320312 4.9989380836486816406 5.8170909881591796875 -9999 -9999 -9999 -9999 -9999 -9999 -9999 -9999 -9999 -9999 -9999 -9999 -9999 -9999
2.877040863037109375 2.5873787403106689453 5.7744431495666503906 2.9468309879302978516 5.3844022750854492188 4.5597200393676757812 6.8316597938537597656 9.0640106201171875 9.7119112014770507812 6.1836614608764648438 7.2343144416809082031 7.7024259567260742188 4.4847378730773925781 10.272719383239746094 8.2878284454345703125 5.2628459930419921875 1.4342523813247680664 1.7493876218795776367 1.4190024137496948242 1.4587942361831665039 1.648030400276184082 1.8216674327850341797 4.6797246932983398438 4.6797246932983398438 4.8809843063354492188 4.0889463424682617188 5.4275875091552734375 9.7667036056518554688 10.113505363464355469 6.0333909988403320312 4.457012176513671875 5.1874132156372070312 5.1422977447509765625 4.5815539360046386719 5.6911563873291015625 6.9700045585632324219 7.9606013298034667969 7.5726337432861328125 5.1610088348388671875 5.6411814689636230469 4.5095534324645996094 -9999 -9999 -9999 -9999 -9999 -9999 -9999 -9999 -9999 -9999 -9999 -9999 -9999
3.0234158039093017578 2.7127697467803955078 3.2377705574035644531 3.1692779064178466797 2.3523137569427490234 2.9885339736938476562 6.3646821975708007812 12.801580429077148438 10.651294708251953125 5.4555897712707519531 6.853374481201171875 8.1669549942016601562 12.565350532531738281 7.9830350875854492188 6.9800982475280761719 5.0126919746398925781 1.9125549793243408203 2.2218527793884277344 1.5089466571807861328 1.5089466571807861328 2.6321780681610107422 2.5666909217834472656 2.9644079208374023438 4.5899987220764160156 6.7062134742736816406 4.9316658973693847656 7.599422454833984375 6.9538421630859375 12.404638290405273438 8.64595794677734375 5.9823765754699707031 6.5282716751098632812 9.0409498214721679688 8.210521697998046875 5.7831830978393554688 5.5236787796020507812 11.523928642272949219 8.9066066741943359375 7.8438506126403808594 5.8246426582336425781 4.790111541748046875 -9999 -9999 -9999 -9999 -9999 -9999 -9999 -9999 -9999 -9999 -9999 -9999 -9999
3.9564931392669677734 4.3627042770385742188 4.1599225997924804688 4.487407684326171875 5.761749267578125 4.5957856178283691406 7.4055609703063964844 16.1864471435546875 12.931849479675292969 8.7682809829711914062 6.6753511428833007812 7.5251402854919433594 15.218240737915039062 12.606541633605957031 5.0793309211730957031 6.32675933837890625 6.32675933837890625 2.0525839328765869141 3.1865956783294677734 1.5056397914886474609 1.6750335693359375 3.3782377243041992188 3.7270524501800537109 5.0491685867309570312 12.377899169921875 12.41083526611328125 10.922456741333007812 8.3820657730102539062 12.342905044555664062 10.177691459655761719 8.9644727706909179688 5.4280791282653808594 10.508379936218261719 7.6090917587280273438 7.9064569473266601562 8.9155673980712890625 8.6709451675415039062 9.7699460983276367188 7.4164562225341796875 -9999 6.0758457183837890625 -9999 -9999 -9999 -9999 -9999 -9999 -9999 -9999 -9999 -9999 -9999 -9999 -9999
5.1619238853454589844 4.6114568710327148438 5.51471710205078125 3.0290274620056152344 8.4018526077270507812 8.42394256591796875 9.5221958160400390625 19.013135910034179688 11.723481178283691406 10.438724517822265625 7.5789766311645507812 7.0160050392150878906 6.3936457633972167969 6.3936457633972167969 6.7606754302978515625 6.5295052528381347656 2.0874135494232177734 2.0788123607635498047 6.9915747642517089844 1.7068486213684082031 2.3410463333129882812 3.4560673236846923828 4.41887664794921875 5.3201580047607421875 9.8684167861938476562 12.289794921875 12.4036407470703125 10.46341705322265625 13.994264602661132812 9.2217502593994140625 8.1289701461791992188 6.2883472442626953125 10.738213539123535156 10.057997703552246094 5.7863698005676269531 7.4868845939636230469 8.4876461029052734375 9.0485734939575195312 11.197657585144042969 11.213356971740722656 -9999 -9999 -9999 -9999 -9999 -9999 -9999 -9999 -9999 -9999 -9999 -9999 -9999 -9999
5.1613078117370605469 5.9092392921447753906 9.25412750244140625 13.066631317138671875 15.34062957763671875 10.920991897583007812 13.775525093078613281 16.123983383178710938 14.641936302185058594 14.641936302185058594 7.3514623641967773438 8.3005876541137695312 8.9160108566284179688 7.1777477264404296875 7.0037364959716796875 6.4808011054992675781 6.9905157089233398438 2.5567061901092529297 5.7993187904357910156 9.215358734130859375 3.4037849903106689453 2.9924032688140869141 5.9756650924682617188 9.8044519424438476562 5.0268578529357910156 11.766198158264160156 9.6763401031494140625 13.146533012390136719 9.82593536376953125 10.66681671142578125 10.046092033386230469 10.086440086364746094 10.573441505432128906 6.0972809791564941406 5.0676097869873046875 6.5977826118469238281 -9999 -9999 9.9129304885864257812 -9999 -9999 -9999 -9999 -9999 -9999 -9999 -9999 -9999 -9999 -9999 -9999 -9999 -9999 -9999
11.524308204650878906 8.449642181396484375 14.424298286437988281 15.447043418884277344 18.096307754516601562 19.31064605712890625 19.31064605712890625 16.456899642944335938 15.913669586181640625 13.115850448608398438 12.256525039672851562 12.189921379089355469 15.240946769714355469 12.465041160583496094 9.1096429824829101562 8.1087789535522460938 6.7168741226196289062 4.0720767974853515625 12.693508148193359375 8.720859527587890625 5.5823674201965332031 7.9809775352478027344 6.8567519187927246094 5.4983005523681640625 5.4084463119506835938 5.1785869598388671875 8.0073938369750976562 13.645695686340332031 12.760833740234375 9.5694093704223632812 11.519985198974609375 10.817248344421386719 9.9814300537109375 5.1142396926879882812 5.1234579086303710938 5.8258905410766601562 -9999 -9999 -9999 -9999 -9999 -9999 -9999 -9999 -9999 -9999 -9999 -9999 -9999 -9999 -9999 -9999 -9999 -9999
13.549585342407226562 7.5539417266845703125 5.4433789253234863281 5.4433789253234863281 11.929379463195800781 17.824914932250976562 15.620594024658203125 16.519336700439453125 15.516430854797363281 14.819338798522949219 11.398325920104980469 12.851963043212890625 11.924029350280761719 14.496721267700195312 13.759238243103027344 13.684103965759277344 9.8469247817993164062 11.829674720764160156 14.6971435546875 10.450978279113769531 5.8072848320007324219 8.3854284286499023438 14.036513328552246094 5.8660764694213867188 6.58654022216796875 11.065847396850585938 -9999 12.160123825073242188 7.2165660858154296875 7.1325902938842773438 10.931583404541015625 7.8703551292419433594 9.2784595489501953125 6.568157196044921875 4.3525862693786621094 4.6230454444885253906 3.9076201915740966797 -9999 -9999 -9999 -9999 -9999 -9999 -9999 -9999 -9999 -9999 -9999 -9999 -9999 -9999 -9999 -9999 -9999
8.4762334823608398438 11.646725654602050781 8.5109233856201171875 5.0719671249389648438 6.5576009750366210938 13.415390968322753906 15.81871795654296875 7.582183837890625 7.4376416206359863281 7.6780076026916503906 8.3625469207763671875 11.573582649230957031 13.938936233520507812 11.321699142456054688 11.407810211181640625 11.911015510559082031 4.4339003562927246094 11.57830047607421875 10.71436309814453125 9.3443441390991210938 5.6882047653198242188 14.283953666687011719 13.714083671569824219 10.165356636047363281 14.951952934265136719 15.405327796936035156 14.552335739135742188 12.575005531311035156 8.4777660369873046875 4.943637847900390625 7.1404433250427246094 6.5744118690490722656 6.5566344261169433594 5.4746274948120117188 2.8506455421447753906 3.6715586185455322266 -9999 -9999 -9999 -9999 -9999 -9999 -9999 -9999 -9999 -9999 -9999 -9999 -9999 -9999 -9999 -9999 -9999 -9999
12.780695915222167969 11.895815849304199219 12.458623886108398438 8.7922067642211914062 6.7248449325561523438 7.2169489860534667969 8.1736040115356445312 18.774723052978515625 17.5748138427734375 9.72943115234375 7.9916071891784667969 12.527276992797851562 13.115594863891601562 10.481235504150390625 7.9216141700744628906 3.4133572578430175781 9.2009344100952148438 6.2354860305786132812 4.68755340576171875 4.719333648681640625 9.1027975082397460938 14.306840896606445312 14.331447601318359375 15.781885147094726562 13.448337554931640625 12.540499687194824219 13.626461029052734375 11.587479591369628906 8.3546113967895507812 4.19731903076171875 3.8255808353424072266 7.1277070045471191406 6.1041007041931152344 2.3078050613403320312 3.2712993621826171875 4.2213540077209472656 -9999 -9999 -9999 -9999 -9999 -9999 -9999 -9999 -9999 -9999 -9999 -9999 -9999 -9999 -9999 -9999 -9999 -9999
10.300556182861328125 12.439412117004394531 16.186267852783203125 8.4925088882446289062 9.4225378036499023438 7.9067416191101074219 12.935202598571777344 23.450029373168945312 23.97533416748046875 10.365266799926757812 10.905019760131835938 12.282892227172851562 11.331171035766601562 10.928651809692382812 8.1770353317260742188 -9999 -9999 13.030950546264648438 9.0628833770751953125 8.1455440521240234375 10.248530387878417969 15.2896728515625 14.554301261901855469 13.094600677490234375 13.340239524841308594 9.2063045501708984375 13.436788558959960938 13.47457122802734375 -9999 -9999 -9999 3.7538373470306396484 3.4469454288482666016 2.8019235134124755859 -9999 -9999 -9999 -9999 -9999 -9999 -9999 -9999 -9999 -9999 -9999 -9999 -9999 -9999 -9999 -9999 -9999 -9999 -9999 -9999
